0, 1.1547
0.00264396, 1.1548
0.00528793, 1.15509
0.00793189, 1.15557
0.0105759, 1.15624
0.0132198, 1.15709
0.0158638, 1.15811
0.0185077, 1.15931
0.0211517, 1.16069
0.0237957, 1.16222
0.0264396, 1.16392
0.0290836, 1.16578
0.0317276, 1.16779
0.0343715, 1.16995
0.0370155, 1.17225
0.0396594, 1.1747
0.0423034, 1.17729
0.0449474, 1.18001
0.0475913, 1.18286
0.0502353, 1.18584
0.0528793, 1.18894
0.0555232, 1.19216
0.0581672, 1.1955
0.0608112, 1.19894
0.0634551, 1.20249
0.0660991, 1.20615
0.068743, 1.2099
0.071387, 1.21375
0.074031, 1.21769
0.0766749, 1.22171
0.0793189, 1.22582
0.0819629, 1.23001
0.0846068, 1.23427
0.0872508, 1.23861
0.0898947, 1.24301
0.0925387, 1.24747
0.0951827, 1.25199
0.0978266, 1.25657
0.100471, 1.2612
0.103115, 1.26588
0.105759, 1.2706
0.108402, 1.27536
0.111046, 1.28016
0.11369, 1.28499
0.116334, 1.28984
0.118978, 1.29472
0.121622, 1.29962
0.124266, 1.30453
0.12691, 1.30946
0.129554, 1.31439
0.132198, 1.31933
0.134842, 1.32427
0.137486, 1.32921
0.14013, 1.33413
0.142774, 1.33905
0.145418, 1.34394
0.148062, 1.34882
0.150706, 1.35368
0.15335, 1.35851
0.155994, 1.3633
0.158638, 1.36806
0.161282, 1.37278
0.163926, 1.37746
0.16657, 1.38209
0.169214, 1.38667
0.171858, 1.39119
0.174502, 1.39566
0.177146, 1.40006
0.179789, 1.40439
0.182433, 1.40866
0.185077, 1.41284
0.187721, 1.41695
0.190365, 1.42098
0.193009, 1.42492
0.195653, 1.42876
0.198297, 1.43252
0.200941, 1.43617
0.203585, 1.43972
0.206229, 1.44317
0.208873, 1.4465
0.211517, 1.44972
0.214161, 1.45282
0.216805, 1.4558
0.219449, 1.45865
0.222093, 1.46137
0.224737, 1.46396
0.227381, 1.46641
0.230025, 1.46872
0.232669, 1.47088
0.235313, 1.47289
0.237957, 1.47475
0.240601, 1.47644
0.243245, 1.47798
0.245889, 1.47935
0.248533, 1.48055
0.251177, 1.48158
0.25382, 1.48243
0.256464, 1.48309
0.259108, 1.48357
0.261752, 1.48387
0.264396, 1.48396
0.266673, 1.48445
0.268967, 1.48497
0.27128, 1.48552
0.273611, 1.4861
0.275959, 1.4867
0.278324, 1.48734
0.280706, 1.488
0.283104, 1.48869
0.285518, 1.4894
0.287947, 1.49014
0.290392, 1.4909
0.292851, 1.49169
0.295325, 1.4925
0.297813, 1.49334
0.300314, 1.49419
0.302828, 1.49507
0.305356, 1.49597
0.307896, 1.49689
0.310447, 1.49783
0.313011, 1.49879
0.315586, 1.49977
0.318172, 1.50076
0.320769, 1.50177
0.323375, 1.5028
0.325992, 1.50385
0.328618, 1.50491
0.331253, 1.50598
0.333897, 1.50707
0.336549, 1.50818
0.339209, 1.50929
0.341877, 1.51042
0.344552, 1.51156
0.347233, 1.51271
0.349921, 1.51388
0.352615, 1.51505
0.355315, 1.51623
0.35802, 1.51742
0.36073, 1.51862
0.363445, 1.51982
0.366163, 1.52104
0.368886, 1.52225
0.371612, 1.52348
0.374341, 1.52471
0.377072, 1.52594
0.379806, 1.52718
0.382542, 1.52842
0.385279, 1.52966
0.388017, 1.5309
0.390756, 1.53215
0.393496, 1.5334
0.396235, 1.53464
0.398974, 1.53589
0.401713, 1.53713
0.40445, 1.53837
0.407186, 1.53961
0.40992, 1.54085
0.412651, 1.54208
0.41538, 1.54331
0.418106, 1.54454
0.420828, 1.54575
0.423547, 1.54697
0.426262, 1.54817
0.428971, 1.54937
0.431677, 1.55056
0.434376, 1.55174
0.43707, 1.55291
0.439759, 1.55408
0.44244, 1.55523
0.445115, 1.55637
0.447783, 1.5575
0.450443, 1.55861
0.453095, 1.55972
0.455739, 1.56081
0.458374, 1.56188
0.461, 1.56294
0.463616, 1.56399
0.466223, 1.56502
0.46882, 1.56603
0.471406, 1.56702
0.473981, 1.568
0.476544, 1.56896
0.479096, 1.5699
0.481636, 1.57082
0.484163, 1.57172
0.486678, 1.5726
0.489179, 1.57345
0.491667, 1.57429
0.49414, 1.5751
0.4966, 1.57589
0.499044, 1.57665
0.501474, 1.57739
0.503888, 1.5781
0.506286, 1.57879
0.508667, 1.57945
0.511033, 1.58009
0.513381, 1.58069
0.515711, 1.58127
0.518024, 1.58182
0.520319, 1.58234
0.522595, 1.58283
0.524984, 1.58292
0.527376, 1.58304
0.529773, 1.58316
0.532174, 1.58331
0.534579, 1.58347
0.536988, 1.58364
0.5394, 1.58383
0.541817, 1.58403
0.544237, 1.58425
0.546661, 1.58448
0.549089, 1.58473
0.551519, 1.58498
0.553954, 1.58525
0.556391, 1.58553
0.558832, 1.58583
0.561276, 1.58613
0.563722, 1.58645
0.566172, 1.58678
0.568625, 1.58711
0.57108, 1.58746
0.573538, 1.58782
0.575998, 1.58819
0.578461, 1.58856
0.580926, 1.58895
0.583394, 1.58935
0.585864, 1.58975
0.588335, 1.59016
0.590809, 1.59058
0.593285, 1.591
0.595763, 1.59144
0.598242, 1.59187
0.600724, 1.59232
0.603206, 1.59277
0.605691, 1.59323
0.608176, 1.59369
0.610663, 1.59416
0.613151, 1.59463
0.615641, 1.59511
0.618131, 1.59559
0.620623, 1.59607
0.623115, 1.59656
0.625608, 1.59705
0.628102, 1.59754
0.630596, 1.59804
0.633091, 1.59853
0.635586, 1.59903
0.638082, 1.59953
0.640578, 1.60003
0.643074, 1.60053
0.64557, 1.60104
0.648067, 1.60154
0.650563, 1.60204
0.653059, 1.60254
0.655554, 1.60304
0.65805, 1.60354
0.660545, 1.60404
0.663039, 1.60453
0.665533, 1.60503
0.668026, 1.60552
0.670518, 1.606
0.67301, 1.60649
0.6755, 1.60697
0.677989, 1.60744
0.680478, 1.60792
0.682965, 1.60838
0.68545, 1.60884
0.687934, 1.6093
0.690417, 1.60975
0.692898, 1.6102
0.695378, 1.61064
0.697855, 1.61107
0.700331, 1.6115
0.702805, 1.61191
0.705277, 1.61233
0.707747, 1.61273
0.710215, 1.61312
0.71268, 1.61351
0.715143, 1.61389
0.717603, 1.61425
0.720061, 1.61461
0.722516, 1.61496
0.724969, 1.6153
0.727418, 1.61562
0.729865, 1.61594
0.732309, 1.61625
0.73475, 1.61654
0.737187, 1.61682
0.739621, 1.61709
0.742052, 1.61735
0.74448, 1.61759
0.746903, 1.61782
0.749324, 1.61804
0.75174, 1.61824
0.754153, 1.61843
0.756562, 1.61861
0.758967, 1.61877
0.761368, 1.61891
0.763765, 1.61904
0.766157, 1.61915
0.768545, 1.61925
0.770822, 1.61924
0.773099, 1.61923
0.775376, 1.61921
0.777653, 1.61919
0.77993, 1.61916
0.782207, 1.61913
0.784485, 1.61909
0.786762, 1.61905
0.78904, 1.619
0.791318, 1.61895
0.793596, 1.6189
0.795875, 1.61884
0.798153, 1.61878
0.800432, 1.61871
0.80271, 1.61864
0.804989, 1.61857
0.807268, 1.61849
0.809547, 1.61841
0.811826, 1.61832
0.814105, 1.61824
0.816384, 1.61815
0.818664, 1.61805
0.820943, 1.61795
0.823223, 1.61785
0.825502, 1.61775
0.827782, 1.61765
0.830062, 1.61754
0.832342, 1.61743
0.834622, 1.61732
0.836902, 1.6172
0.839182, 1.61708
0.841462, 1.61697
0.843743, 1.61684
0.846023, 1.61672
0.848303, 1.6166
0.850584, 1.61647
0.852864, 1.61634
0.855145, 1.61622
0.857425, 1.61609
0.859706, 1.61595
0.861987, 1.61582
0.864267, 1.61569
0.866548, 1.61556
0.868829, 1.61542
0.871109, 1.61528
0.87339, 1.61515
0.875671, 1.61501
0.877952, 1.61488
0.880232, 1.61474
0.882513, 1.6146
0.884794, 1.61446
0.887075, 1.61433
0.889356, 1.61419
0.891636, 1.61405
0.893917, 1.61392
0.896198, 1.61378
0.898479, 1.61365
0.900759, 1.61351
0.90304, 1.61338
0.905321, 1.61325
0.907601, 1.61312
0.909882, 1.61299
0.912162, 1.61286
0.914443, 1.61273
0.916723, 1.61261
0.919003, 1.61248
0.921284, 1.61236
0.923564, 1.61224
0.925844, 1.61212
0.928124, 1.612
0.930404, 1.61189
0.932684, 1.61177
0.934964, 1.61166
0.937244, 1.61156
0.939524, 1.61145
0.941804, 1.61135
0.944083, 1.61125
0.946363, 1.61115
0.948642, 1.61106
0.950921, 1.61097
0.953201, 1.61088
0.95548, 1.61079
0.957759, 1.61071
0.960038, 1.61064
0.962316, 1.61056
0.964595, 1.61049
0.966873, 1.61043
0.969152, 1.61036
0.97143, 1.6103
0.973708, 1.61025
0.975986, 1.6102
0.978264, 1.61015
0.980542, 1.61011
0.982819, 1.61008
0.985097, 1.61004
0.987374, 1.61002
0.989651, 1.60999
0.991928, 1.60998
0.994205, 1.60996
0.996481, 1.60996
0.998509, 1.61
1.00054, 1.61002
1.00257, 1.61
1.0046, 1.60996
1.00663, 1.60988
1.00866, 1.60978
1.0107, 1.60965
1.01273, 1.60949
1.01477, 1.6093
1.01681, 1.60909
1.01884, 1.60885
1.02088, 1.60858
1.02292, 1.60829
1.02496, 1.60798
1.027, 1.60764
1.02905, 1.60729
1.03109, 1.60691
1.03313, 1.6065
1.03518, 1.60608
1.03722, 1.60564
1.03927, 1.60518
1.04131, 1.6047
1.04336, 1.6042
1.04541, 1.60368
1.04745, 1.60315
1.0495, 1.6026
1.05155, 1.60204
1.0536, 1.60146
1.05565, 1.60087
1.0577, 1.60026
1.05975, 1.59964
1.0618, 1.59901
1.06385, 1.59837
1.06591, 1.59771
1.06796, 1.59705
1.07001, 1.59637
1.07206, 1.59569
1.07412, 1.595
1.07617, 1.5943
1.07822, 1.59359
1.08028, 1.59288
1.08233, 1.59216
1.08439, 1.59144
1.08644, 1.59071
1.0885, 1.58998
1.09055, 1.58924
1.09261, 1.5885
1.09466, 1.58776
1.09672, 1.58702
1.09877, 1.58628
1.10083, 1.58554
1.10288, 1.5848
1.10494, 1.58406
1.10699, 1.58332
1.10905, 1.58258
1.1111, 1.58185
1.11315, 1.58112
1.11521, 1.5804
1.11726, 1.57968
1.11932, 1.57897
1.12137, 1.57826
1.12342, 1.57756
1.12548, 1.57687
1.12753, 1.57619
1.12958, 1.57551
1.13164, 1.57485
1.13369, 1.5742
1.13574, 1.57355
1.13779, 1.57292
1.13984, 1.5723
1.14189, 1.57169
1.14394, 1.5711
1.14599, 1.57052
1.14804, 1.56996
1.15009, 1.56941
1.15214, 1.56888
1.15418, 1.56836
1.15623, 1.56786
1.15828, 1.56738
1.16032, 1.56692
1.16237, 1.56648
1.16441, 1.56606
1.16645, 1.56566
1.1685, 1.56528
1.17054, 1.56492
1.17258, 1.56458
1.17462, 1.56427
1.17666, 1.56398
1.1787, 1.56372
1.18073, 1.56348
1.18277, 1.56326
1.18481, 1.56308
1.18684, 1.56291
1.18888, 1.56278
1.19091, 1.56268
1.19294, 1.5626
1.19497, 1.56256
1.197, 1.56254
1.19903, 1.56256
1.20106, 1.56261
1.20273, 1.56283
1.20441, 1.56299
1.2061, 1.56309
1.20779, 1.56314
1.20949, 1.56312
1.21119, 1.56305
1.21289, 1.56292
1.2146, 1.56273
1.21632, 1.5625
1.21804, 1.56221
1.21976, 1.56187
1.22149, 1.56148
1.22322, 1.56104
1.22496, 1.56055
1.2267, 1.56002
1.22844, 1.55945
1.23019, 1.55883
1.23194, 1.55817
1.2337, 1.55747
1.23546, 1.55673
1.23722, 1.55595
1.23898, 1.55514
1.24075, 1.55429
1.24252, 1.5534
1.2443, 1.55248
1.24608, 1.55154
1.24786, 1.55056
1.24964, 1.54955
1.25142, 1.54851
1.25321, 1.54745
1.255, 1.54636
1.25679, 1.54524
1.25859, 1.54411
1.26038, 1.54295
1.26218, 1.54177
1.26398, 1.54057
1.26578, 1.53936
1.26758, 1.53813
1.26938, 1.53688
1.27119, 1.53562
1.27299, 1.53435
1.2748, 1.53306
1.27661, 1.53177
1.27841, 1.53047
1.28022, 1.52915
1.28203, 1.52784
1.28384, 1.52651
1.28565, 1.52519
1.28746, 1.52386
1.28927, 1.52253
1.29108, 1.5212
1.29289, 1.51987
1.29471, 1.51854
1.29652, 1.51722
1.29832, 1.5159
1.30013, 1.51459
1.30194, 1.51329
1.30375, 1.51199
1.30556, 1.51071
1.30736, 1.50944
1.30917, 1.50818
1.31097, 1.50693
1.31277, 1.5057
1.31457, 1.50448
1.31637, 1.50329
1.31817, 1.50211
1.31996, 1.50095
1.32176, 1.49981
1.32355, 1.4987
1.32534, 1.49761
1.32712, 1.49655
1.32891, 1.49551
1.33069, 1.4945
1.33247, 1.49352
1.33425, 1.49257
1.33602, 1.49166
1.3378, 1.49077
1.33956, 1.48992
1.34133, 1.48911
1.34309, 1.48833
1.34485, 1.48759
1.34661, 1.48689
1.34836, 1.48623
1.35011, 1.48561
1.35185, 1.48503
1.35359, 1.4845
1.35533, 1.48402
1.35706, 1.48358
1.35879, 1.48319
1.36051, 1.48285
1.36223, 1.48256
1.36395, 1.48232
1.36566, 1.48214
1.36736, 1.48201
1.36906, 1.48194
1.37076, 1.48192
1.37245, 1.48196
1.37413, 1.48206
1.37581, 1.48223
1.37749, 1.48245
1.37873, 1.48295
1.37999, 1.48336
1.38126, 1.48367
1.38255, 1.48389
1.38384, 1.48402
1.38514, 1.48406
1.38646, 1.48402
1.38778, 1.48389
1.38912, 1.48368
1.39046, 1.48339
1.39181, 1.48301
1.39318, 1.48257
1.39455, 1.48205
1.39593, 1.48145
1.39732, 1.48079
1.39872, 1.48005
1.40013, 1.47925
1.40154, 1.47838
1.40296, 1.47746
1.40439, 1.47647
1.40583, 1.47542
1.40727, 1.47431
1.40872, 1.47315
1.41018, 1.47194
1.41165, 1.47067
1.41311, 1.46936
1.41459, 1.468
1.41607, 1.4666
1.41756, 1.46515
1.41905, 1.46366
1.42054, 1.46213
1.42204, 1.46056
1.42355, 1.45896
1.42506, 1.45732
1.42657, 1.45566
1.42809, 1.45396
1.42961, 1.45224
1.43113, 1.45049
1.43265, 1.44871
1.43418, 1.44692
1.43571, 1.4451
1.43725, 1.44327
1.43878, 1.44143
1.44032, 1.43956
1.44186, 1.43769
1.44339, 1.43581
1.44493, 1.43392
1.44647, 1.43202
1.44802, 1.43012
1.44956, 1.42822
1.4511, 1.42632
1.45264, 1.42442
1.45418, 1.42252
1.45572, 1.42063
1.45726, 1.41875
1.4588, 1.41687
1.46033, 1.41501
1.46187, 1.41316
1.4634, 1.41133
1.46493, 1.40952
1.46646, 1.40772
1.46799, 1.40595
1.46951, 1.4042
1.47103, 1.40248
1.47255, 1.40078
1.47406, 1.39911
1.47557, 1.39748
1.47707, 1.39588
1.47857, 1.39431
1.48007, 1.39278
1.48156, 1.39129
1.48305, 1.38984
1.48453, 1.38844
1.486, 1.38708
1.48747, 1.38576
1.48893, 1.3845
1.49039, 1.38328
1.49184, 1.38212
1.49329, 1.38102
1.49472, 1.37997
1.49615, 1.37898
1.49757, 1.37805
1.49899, 1.37719
1.5004, 1.37639
1.50179, 1.37565
1.50318, 1.37499
1.50457, 1.37439
1.50594, 1.37387
1.5073, 1.37342
1.50866, 1.37305
1.51, 1.37276
1.51133, 1.37255
1.51266, 1.37242
1.51397, 1.37237
1.51528, 1.37241
1.51657, 1.37254
1.51785, 1.37276
1.51912, 1.37308
1.52038, 1.37348
1.52163, 1.37399
1.52242, 1.37483
1.52323, 1.37555
1.52406, 1.37614
1.5249, 1.3766
1.52577, 1.37694
1.52664, 1.37716
1.52754, 1.37725
1.52845, 1.37724
1.52937, 1.37711
1.53031, 1.37687
1.53126, 1.37652
1.53223, 1.37607
1.53321, 1.37551
1.53421, 1.37486
1.53522, 1.37411
1.53624, 1.37326
1.53727, 1.37232
1.53831, 1.3713
1.53937, 1.37019
1.54044, 1.36899
1.54152, 1.36772
1.5426, 1.36637
1.5437, 1.36494
1.54481, 1.36344
1.54593, 1.36186
1.54706, 1.36023
1.54819, 1.35852
1.54933, 1.35676
1.55049, 1.35493
1.55165, 1.35305
1.55281, 1.35112
1.55399, 1.34913
1.55516, 1.3471
1.55635, 1.34502
1.55754, 1.3429
1.55874, 1.34074
1.55994, 1.33854
1.56115, 1.3363
1.56236, 1.33403
1.56357, 1.33174
1.56479, 1.32941
1.56602, 1.32707
1.56724, 1.3247
1.56847, 1.32231
1.5697, 1.3199
1.57093, 1.31748
1.57216, 1.31506
1.5734, 1.31262
1.57463, 1.31018
1.57587, 1.30773
1.5771, 1.30529
1.57833, 1.30284
1.57957, 1.30041
1.5808, 1.29798
1.58203, 1.29556
1.58326, 1.29316
1.58449, 1.29077
1.58571, 1.2884
1.58694, 1.28605
1.58816, 1.28373
1.58937, 1.28143
1.59058, 1.27916
1.59179, 1.27693
1.59299, 1.27473
1.59419, 1.27256
1.59538, 1.27044
1.59657, 1.26836
1.59775, 1.26633
1.59892, 1.26434
1.60008, 1.26241
1.60124, 1.26053
1.6024, 1.2587
1.60354, 1.25694
1.60467, 1.25524
1.6058, 1.2536
1.60692, 1.25203
1.60803, 1.25053
1.60913, 1.2491
1.61021, 1.24774
1.61129, 1.24647
1.61236, 1.24527
1.61342, 1.24416
1.61446, 1.24314
1.61549, 1.2422
1.61651, 1.24136
1.61752, 1.24061
1.61852, 1.23995
1.6195, 1.2394
1.62047, 1.23894
1.62142, 1.2386
1.62236, 1.23836
1.62328, 1.23823
1.62419, 1.23821
1.62509, 1.23831
1.62596, 1.23852
1.62683, 1.23886
1.62767, 1.23932
1.6285, 1.23991
1.62931, 1.24063
1.6301, 1.24148
1.63049, 1.24268
1.63089, 1.24373
1.63131, 1.24461
1.63175, 1.24533
1.63221, 1.24589
1.63268, 1.2463
1.63318, 1.24657
1.63369, 1.24669
1.63421, 1.24667
1.63476, 1.2465
1.63532, 1.24621
1.63589, 1.24578
1.63648, 1.24523
1.63708, 1.24455
1.6377, 1.24374
1.63833, 1.24282
1.63898, 1.24179
1.63964, 1.24064
1.64031, 1.23939
1.64099, 1.23803
1.64169, 1.23657
1.6424, 1.23501
1.64311, 1.23335
1.64384, 1.23161
1.64458, 1.22978
1.64533, 1.22786
1.64609, 1.22586
1.64685, 1.22379
1.64763, 1.22164
1.64841, 1.21942
1.64921, 1.21713
1.65001, 1.21478
1.65081, 1.21237
1.65163, 1.2099
1.65245, 1.20737
1.65327, 1.2048
1.6541, 1.20217
1.65494, 1.19951
1.65578, 1.1968
1.65663, 1.19406
1.65748, 1.19128
1.65833, 1.18847
1.65919, 1.18564
1.66005, 1.18278
1.66091, 1.1799
1.66177, 1.17701
1.66264, 1.1741
1.6635, 1.17118
1.66437, 1.16825
1.66524, 1.16532
1.6661, 1.16239
1.66697, 1.15947
1.66784, 1.15655
1.6687, 1.15364
1.66956, 1.15074
1.67043, 1.14786
1.67128, 1.14501
1.67214, 1.14217
1.67299, 1.13936
1.67384, 1.13659
1.67469, 1.13384
1.67553, 1.13114
1.67637, 1.12847
1.6772, 1.12585
1.67802, 1.12327
1.67884, 1.12075
1.67966, 1.11828
1.68046, 1.11587
1.68126, 1.11351
1.68206, 1.11123
1.68284, 1.109
1.68362, 1.10686
1.68438, 1.10478
1.68514, 1.10278
1.68589, 1.10087
1.68663, 1.09903
1.68736, 1.09729
1.68808, 1.09564
1.68878, 1.09408
1.68948, 1.09262
1.69016, 1.09126
1.69083, 1.09
1.69149, 1.08886
1.69214, 1.08782
1.69277, 1.0869
1.69339, 1.0861
1.69399, 1.08542
1.69458, 1.08486
1.69516, 1.08443
1.69571, 1.08414
1.69626, 1.08398
1.69678, 1.08396
1.69729, 1.08408
1.69779, 1.08434
1.69826, 1.08475
1.69872, 1.08532
1.69916, 1.08604
1.69958, 1.08692
1.69999, 1.08796
1.70037, 1.08917
1.70047, 1.09067
1.70058, 1.09198
1.7007, 1.0931
1.70083, 1.09404
1.70098, 1.0948
1.70114, 1.09537
1.70131, 1.09578
1.70149, 1.09602
1.70168, 1.09609
1.70188, 1.096
1.70209, 1.09575
1.70231, 1.09535
1.70254, 1.0948
1.70278, 1.0941
1.70303, 1.09326
1.70329, 1.09229
1.70356, 1.09118
1.70383, 1.08994
1.70412, 1.08857
1.70441, 1.08708
1.70471, 1.08548
1.70501, 1.08376
1.70533, 1.08193
1.70565, 1.07999
1.70598, 1.07795
1.70631, 1.07581
1.70665, 1.07358
1.70699, 1.07126
1.70735, 1.06885
1.7077, 1.06636
1.70807, 1.06379
1.70843, 1.06114
1.7088, 1.05843
1.70918, 1.05564
1.70956, 1.0528
1.70994, 1.04989
1.71033, 1.04693
1.71072, 1.04392
1.71111, 1.04086
1.71151, 1.03776
1.71191, 1.03462
1.71231, 1.03144
1.71271, 1.02823
1.71312, 1.025
1.71353, 1.02174
1.71393, 1.01846
1.71434, 1.01517
1.71475, 1.01186
1.71516, 1.00855
1.71557, 1.00523
1.71598, 1.00191
1.7164, 0.998595
1.7168, 0.995288
1.71721, 0.991994
1.71762, 0.988715
1.71803, 0.985456
1.71843, 0.98222
1.71884, 0.979012
1.71924, 0.975835
1.71964, 0.972694
1.72003, 0.969592
1.72043, 0.966534
1.72082, 0.963523
1.72121, 0.960563
1.72159, 0.957658
1.72197, 0.954812
1.72234, 0.952029
1.72272, 0.949313
1.72308, 0.946668
1.72345, 0.944097
1.7238, 0.941606
1.72415, 0.939197
1.7245, 0.936874
1.72484, 0.934643
1.72517, 0.932505
1.7255, 0.930466
1.72582, 0.92853
1.72614, 0.926699
1.72644, 0.924979
1.72674, 0.923373
1.72703, 0.921885
1.72732, 0.92052
1.72759, 0.91928
1.72786, 0.91817
1.72812, 0.917194
1.72837, 0.916355
1.72861, 0.915659
1.72884, 0.915108
1.72906, 0.914706
1.72927, 0.914458
1.72947, 0.914368
1.72966, 0.914439
1.72984, 0.914675
1.73001, 0.915081
1.73017, 0.915659
1.73032, 0.916415
1.73045, 0.917352
1.73057, 0.918474
1.73068, 0.919785
1.73078, 0.921289
1.73077, 0.922971
1.73076, 0.924443
1.73074, 0.925709
1.73071, 0.926773
1.73068, 0.927639
1.73065, 0.928311
1.7306, 0.928795
1.73056, 0.929093
1.73051, 0.929211
1.73045, 0.929153
1.73039, 0.928923
1.73033, 0.928525
1.73026, 0.927964
1.73019, 0.927244
1.73011, 0.92637
1.73003, 0.925345
1.72994, 0.924173
1.72986, 0.92286
1.72976, 0.92141
1.72967, 0.919826
1.72957, 0.918113
1.72946, 0.916276
1.72936, 0.914318
1.72925, 0.912244
1.72914, 0.910058
1.72902, 0.907765
1.7289, 0.905369
1.72878, 0.902874
1.72866, 0.900285
1.72854, 0.897605
1.72841, 0.894839
1.72828, 0.891992
1.72815, 0.889067
1.72801, 0.886069
1.72788, 0.883002
1.72774, 0.879871
1.7276, 0.87668
1.72746, 0.873433
1.72732, 0.870134
1.72718, 0.866788
1.72703, 0.863399
1.72689, 0.859972
1.72674, 0.85651
1.72659, 0.853017
1.72645, 0.8495
1.7263, 0.84596
1.72615, 0.842404
1.726, 0.838834
1.72585, 0.835256
1.7257, 0.831674
1.72555, 0.828091
1.7254, 0.824513
1.72525, 0.820944
1.7251, 0.817387
1.72496, 0.813848
1.72481, 0.81033
1.72466, 0.806838
1.72452, 0.803376
1.72437, 0.799948
1.72423, 0.796559
1.72408, 0.793213
1.72394, 0.789914
1.7238, 0.786667
1.72366, 0.783476
1.72352, 0.780345
1.72339, 0.777278
1.72326, 0.77428
1.72312, 0.771356
1.72299, 0.768508
1.72287, 0.765742
1.72274, 0.763063
1.72262, 0.760473
1.7225, 0.757978
1.72238, 0.755582
1.72227, 0.753289
1.72215, 0.751103
1.72204, 0.749029
1.72194, 0.747072
1.72184, 0.745234
1.72174, 0.743521
1.72164, 0.741938
1.72155, 0.740487
1.72146, 0.739174
1.72137, 0.738003
1.72129, 0.736978
1.72122, 0.736103
1.72114, 0.735383
1.72107, 0.734822
1.72101, 0.734424
1.72095, 0.734194
1.72089, 0.734136
1.72084, 0.734254
1.7208, 0.734553
1.72076, 0.735036
1.72072, 0.735709
1.72069, 0.736575
1.72067, 0.737638
1.72065, 0.738904
1.72063, 0.740376
1.72062, 0.742058
1.72069, 0.743788
1.72072, 0.745299
1.72072, 0.746597
1.72068, 0.747686
1.72061, 0.748571
1.72051, 0.749255
1.72038, 0.749744
1.72022, 0.750042
1.72002, 0.750153
1.7198, 0.750082
1.71956, 0.749833
1.71928, 0.749411
1.71898, 0.74882
1.71865, 0.748064
1.71829, 0.747149
1.71791, 0.746077
1.71751, 0.744855
1.71708, 0.743486
1.71664, 0.741974
1.71617, 0.740325
1.71567, 0.738543
1.71516, 0.736631
1.71463, 0.734596
1.71408, 0.73244
1.71351, 0.730168
1.71292, 0.727786
1.71232, 0.725296
1.7117, 0.722705
1.71106, 0.720015
1.71041, 0.717233
1.70975, 0.714361
1.70907, 0.711405
1.70838, 0.708369
1.70768, 0.705257
1.70696, 0.702075
1.70624, 0.698825
1.7055, 0.695513
1.70476, 0.692144
1.70401, 0.688721
1.70325, 0.68525
1.70248, 0.681733
1.70171, 0.678177
1.70093, 0.674586
1.70015, 0.670963
1.69936, 0.667313
1.69857, 0.663641
1.69777, 0.659952
1.69698, 0.656249
1.69618, 0.652537
1.69538, 0.648821
1.69458, 0.645105
1.69378, 0.641393
1.69299, 0.63769
1.69219, 0.634001
1.6914, 0.630329
1.69061, 0.62668
1.68983, 0.623057
1.68905, 0.619465
1.68828, 0.615909
1.68751, 0.612393
1.68675, 0.608921
1.686, 0.605498
1.68526, 0.602129
1.68452, 0.598817
1.6838, 0.595568
1.68308, 0.592385
1.68238, 0.589273
1.68169, 0.586237
1.68101, 0.583281
1.68035, 0.58041
1.6797, 0.577627
1.67906, 0.574938
1.67844, 0.572346
1.67784, 0.569857
1.67725, 0.567474
1.67668, 0.565203
1.67613, 0.563047
1.6756, 0.561011
1.67509, 0.5591
1.67459, 0.557317
1.67412, 0.555668
1.67367, 0.554157
1.67325, 0.552787
1.67284, 0.551565
1.67247, 0.550494
1.67211, 0.549578
1.67178, 0.548822
1.67148, 0.548231
1.6712, 0.547809
1.67095, 0.54756
1.67073, 0.547489
1.67054, 0.5476
1.67038, 0.547898
1.67025, 0.548387
1.67015, 0.549072
1.67008, 0.549956
1.67004, 0.551045
1.67004, 0.552343
1.67007, 0.553855
1.67014, 0.555584
1.67041, 0.557253
1.67062, 0.558706
1.67075, 0.559947
1.67082, 0.560981
1.67082, 0.561812
1.67076, 0.562444
1.67063, 0.562882
1.67044, 0.563131
1.67019, 0.563194
1.66988, 0.563076
1.66951, 0.562781
1.66909, 0.562315
1.6686, 0.561681
1.66807, 0.560884
1.66748, 0.559928
1.66685, 0.558817
1.66616, 0.557556
1.66543, 0.55615
1.66464, 0.554603
1.66382, 0.552919
1.66295, 0.551102
1.66204, 0.549158
1.66109, 0.54709
1.66009, 0.544902
1.65906, 0.542601
1.658, 0.540188
1.6569, 0.53767
1.65577, 0.535051
1.6546, 0.532334
1.6534, 0.529525
1.65218, 0.526627
1.65093, 0.523646
1.64965, 0.520585
1.64834, 0.517449
1.64702, 0.514243
1.64567, 0.510971
1.6443, 0.507636
1.64291, 0.504244
1.64151, 0.5008
1.64009, 0.497307
1.63865, 0.493769
1.6372, 0.490192
1.63574, 0.48658
1.63427, 0.482937
1.63279, 0.479267
1.63131, 0.475576
1.62982, 0.471866
1.62832, 0.468144
1.62682, 0.464412
1.62532, 0.460676
1.62382, 0.45694
1.62232, 0.453209
1.62082, 0.449486
1.61933, 0.445777
1.61784, 0.442085
1.61637, 0.438416
1.6149, 0.434772
1.61344, 0.43116
1.61199, 0.427583
1.61055, 0.424046
1.60913, 0.420553
1.60773, 0.417108
1.60634, 0.413716
1.60497, 0.410382
1.60362, 0.407109
1.60229, 0.403903
1.60099, 0.400767
1.59971, 0.397707
1.59846, 0.394725
1.59723, 0.391828
1.59604, 0.389018
1.59487, 0.386302
1.59374, 0.383682
1.59264, 0.381164
1.59157, 0.378752
1.59054, 0.37645
1.58955, 0.374263
1.5886, 0.372195
1.58769, 0.37025
1.58682, 0.368434
1.58599, 0.36675
1.58521, 0.365202
1.58448, 0.363796
1.58379, 0.362536
1.58315, 0.361425
1.58257, 0.360469
1.58203, 0.359672
1.58155, 0.359037
1.58113, 0.358571
1.58076, 0.358277
1.58045, 0.358159
1.5802, 0.358222
1.58001, 0.35847
1.57988, 0.358909
1.57981, 0.359541
1.57982, 0.360372
1.57988, 0.361405
1.58002, 0.362646
1.58023, 0.364099
1.5805, 0.365769
1.58107, 0.36731
1.58153, 0.368642
1.58188, 0.369771
1.58213, 0.3707
1.58227, 0.371433
1.58231, 0.371976
1.58224, 0.372331
1.58208, 0.372503
1.58183, 0.372496
1.58148, 0.372316
1.58104, 0.371965
1.58051, 0.371449
1.57989, 0.370771
1.57919, 0.369935
1.57841, 0.368947
1.57755, 0.36781
1.57661, 0.366528
1.5756, 0.365106
1.57451, 0.363548
1.57336, 0.361859
1.57213, 0.360041
1.57084, 0.358101
1.56949, 0.356041
1.56807, 0.353867
1.5666, 0.351582
1.56506, 0.349191
1.56348, 0.346697
1.56184, 0.344106
1.56015, 0.341422
1.55841, 0.338648
1.55663, 0.335789
1.55481, 0.332849
1.55294, 0.329833
1.55104, 0.326745
1.5491, 0.323588
1.54712, 0.320368
1.54511, 0.317089
1.54308, 0.313754
1.54101, 0.310368
1.53893, 0.306935
1.53681, 0.30346
1.53468, 0.299946
1.53253, 0.296399
1.53037, 0.292821
1.52819, 0.289219
1.526, 0.285594
1.5238, 0.281953
1.52159, 0.2783
1.51938, 0.274637
1.51716, 0.270971
1.51495, 0.267304
1.51274, 0.263642
1.51053, 0.259988
1.50833, 0.256347
1.50614, 0.252723
1.50396, 0.24912
1.50179, 0.245543
1.49964, 0.241995
1.49751, 0.238482
1.4954, 0.235007
1.49331, 0.231574
1.49125, 0.228188
1.48921, 0.224853
1.48721, 0.221573
1.48523, 0.218353
1.48329, 0.215197
1.48138, 0.212108
1.47952, 0.209092
1.47769, 0.206152
1.47591, 0.203294
1.47418, 0.20052
1.47249, 0.197835
1.47085, 0.195244
1.46926, 0.192751
1.46773, 0.19036
1.46626, 0.188075
1.46484, 0.1859
1.46349, 0.183841
1.4622, 0.1819
1.46097, 0.180083
1.45981, 0.178393
1.45873, 0.176835
1.45771, 0.175413
1.45678, 0.174131
1.45592, 0.172994
1.45513, 0.172006
1.45443, 0.171171
1.45382, 0.170493
1.45329, 0.169976
1.45285, 0.169626
1.4525, 0.169445
1.45224, 0.169439
1.45208, 0.169611
1.45202, 0.169966
1.45206, 0.170508
1.4522, 0.171241
1.45244, 0.17217
1.45279, 0.173299
1.45325, 0.174632
1.45382, 0.176173
1.45472, 0.177553
1.45547, 0.178736
1.45607, 0.179727
1.45653, 0.180529
1.45684, 0.181147
1.45701, 0.181584
1.45704, 0.181844
1.45694, 0.181933
1.45672, 0.181852
1.45636, 0.181607
1.45588, 0.181202
1.45528, 0.180641
1.45456, 0.179926
1.45373, 0.179064
1.45278, 0.178057
1.45173, 0.17691
1.45057, 0.175626
1.44931, 0.17421
1.44794, 0.172665
1.44649, 0.170997
1.44494, 0.169207
1.4433, 0.167302
1.44157, 0.165284
1.43976, 0.163158
1.43787, 0.160928
1.4359, 0.158597
1.43386, 0.15617
1.43174, 0.153651
1.42956, 0.151043
1.42731, 0.148351
1.425, 0.145579
1.42263, 0.142731
1.42021, 0.139811
1.41773, 0.136822
1.4152, 0.13377
1.41263, 0.130657
1.41001, 0.127488
1.40735, 0.124266
1.40466, 0.120997
1.40193, 0.117684
1.39917, 0.11433
1.39638, 0.11094
1.39357, 0.107518
1.39073, 0.104069
1.38788, 0.100595
1.38501, 0.0971007
1.38213, 0.0935906
1.37924, 0.0900686
1.37635, 0.0865385
1.37345, 0.0830044
1.37055, 0.0794702
1.36765, 0.0759401
1.36476, 0.0724181
1.36188, 0.068908
1.35901, 0.065414
1.35616, 0.0619401
1.35332, 0.0584902
1.35051, 0.0550684
1.34772, 0.0516787
1.34496, 0.0483251
1.34223, 0.0450116
1.33954, 0.0417423
1.33688, 0.0385211
1.33426, 0.035352
1.33169, 0.0322391
1.32916, 0.0291863
1.32669, 0.0261978
1.32426, 0.0232774
1.32189, 0.0204292
1.31958, 0.0176573
1.31733, 0.0149656
1.31515, 0.0123581
1.31304, 0.00983884
1.31099, 0.00741187
1.30902, 0.00508117
1.30713, 0.00285076
1.30532, 0.000724642
1.30359, -0.00129317
1.30195, -0.00319866
1.3004, -0.00498782
1.29895, -0.00665664
1.29759, -0.00820111
1.29632, -0.00961721
1.29517, -0.0109009
1.29411, -0.0120483
1.29317, -0.0130552
1.29233, -0.0139178
1.29161, -0.0146319
1.29101, -0.0151936
1.29053, -0.0155988
1.29018, -0.0158436
1.28995, -0.0159239
1.28985, -0.0158357
1.28988, -0.0155751
1.29006, -0.0151379
1.29037, -0.0145203
1.29082, -0.0137181
1.29142, -0.0127274
1.29217, -0.0115441
1.29307, -0.0101643
1.2943, -0.0089528
1.29533, -0.00792435
1.29618, -0.00707519
1.29685, -0.00640157
1.29734, -0.00589977
1.29766, -0.00556604
1.2978, -0.00539665
1.29778, -0.00538787
1.29759, -0.00553597
1.29725, -0.0058372
1.29675, -0.00628783
1.2961, -0.00688413
1.2953, -0.00762236
1.29436, -0.00849879
1.29327, -0.00950968
1.29206, -0.0106513
1.29071, -0.0119199
1.28923, -0.0133118
1.28763, -0.0148231
1.2859, -0.0164503
1.28406, -0.0181895
1.28211, -0.0200371
1.28005, -0.0219892
1.27789, -0.0240422
1.27562, -0.0261922
1.27326, -0.0284357
1.2708, -0.0307688
1.26826, -0.0331878
1.26563, -0.035689
1.26292, -0.0382686
1.26013, -0.0409229
1.25726, -0.0436482
1.25433, -0.0464407
1.25133, -0.0492967
1.24827, -0.0522124
1.24515, -0.0551842
1.24198, -0.0582083
1.23875, -0.0612809
1.23548, -0.0643984
1.23217, -0.0675569
1.22881, -0.0707528
1.22543, -0.0739823
1.22201, -0.0772417
1.21856, -0.0805272
1.21509, -0.0838352
1.21161, -0.0871618
1.2081, -0.0905034
1.20459, -0.0938561
1.20106, -0.0972163
1.19754, -0.10058
1.19401, -0.103944
1.19049, -0.107305
1.18697, -0.110657
1.18347, -0.113999
1.17998, -0.117325
1.17651, -0.120633
1.17306, -0.123919
1.16965, -0.127178
1.16626, -0.130408
1.16291, -0.133604
1.15959, -0.136762
1.15632, -0.13988
1.1531, -0.142952
1.14992, -0.145976
1.1468, -0.148948
1.14374, -0.151864
1.14074, -0.15472
1.13781, -0.157512
1.13495, -0.160238
1.13216, -0.162892
1.12944, -0.165472
1.12681, -0.167973
1.12427, -0.170392
1.12181, -0.172725
1.11945, -0.174968
1.11718, -0.177118
1.11502, -0.179171
1.11296, -0.181124
1.11101, -0.182971
1.10917, -0.18471
1.10745, -0.186337
1.10584, -0.187849
1.10437, -0.189241
1.10302, -0.190509
1.1018, -0.191651
1.10072, -0.192662
1.09977, -0.193538
1.09898, -0.194277
1.09832, -0.194873
1.09782, -0.195323
1.09748, -0.195625
1.09729, -0.195773
1.09727, -0.195764
1.09742, -0.195595
1.09773, -0.195261
1.09822, -0.194759
1.09889, -0.194085
1.09974, -0.193236
1.10078, -0.192208
1.102, -0.190996
1.10353, -0.18994
1.10483, -0.189053
1.10591, -0.188333
1.10678, -0.187775
1.10744, -0.187377
1.10789, -0.187134
1.10814, -0.187044
1.10819, -0.187103
1.10805, -0.187307
1.10773, -0.187653
1.10722, -0.188138
1.10653, -0.188758
1.10567, -0.189509
1.10465, -0.190388
1.10345, -0.191393
1.1021, -0.192518
1.10059, -0.193761
1.09893, -0.195118
1.09712, -0.196586
1.09518, -0.198162
1.09309, -0.199841
1.09088, -0.201621
1.08853, -0.203498
1.08606, -0.205468
1.08348, -0.207529
1.08077, -0.209676
1.07796, -0.211906
1.07505, -0.214215
1.07203, -0.216601
1.06892, -0.21906
1.06571, -0.221588
1.06242, -0.224181
1.05905, -0.226837
1.0556, -0.229552
1.05208, -0.232322
1.04849, -0.235144
1.04483, -0.238015
1.04111, -0.240931
1.03734, -0.243888
1.03352, -0.246883
1.02966, -0.249913
1.02575, -0.252974
1.0218, -0.256063
1.01783, -0.259176
1.01383, -0.26231
1.0098, -0.265461
1.00575, -0.268626
1.0017, -0.271802
0.997629, -0.274984
0.993557, -0.27817
0.989485, -0.281356
0.985418, -0.284538
0.98136, -0.287713
0.977315, -0.290878
0.973289, -0.29403
0.969286, -0.297164
0.96531, -0.300277
0.961366, -0.303365
0.957458, -0.306427
0.953592, -0.309457
0.949771, -0.312452
0.946001, -0.315409
0.942286, -0.318325
0.938629, -0.321195
0.935037, -0.324018
0.931514, -0.326788
0.928063, -0.329503
0.92469, -0.332159
0.9214, -0.334752
0.918196, -0.33728
0.915083, -0.339739
0.912067, -0.342125
0.909151, -0.344434
0.90634, -0.346664
0.903639, -0.348811
0.901052, -0.350872
0.898584, -0.352842
0.896239, -0.354719
0.894022, -0.356498
0.891938, -0.358178
0.88999, -0.359753
0.888184, -0.361222
0.886525, -0.362579
0.885016, -0.363822
0.883663, -0.364947
0.882469, -0.365951
0.88144, -0.366831
0.88058, -0.367582
0.879894, -0.368202
0.879386, -0.368687
0.879061, -0.369033
0.878923, -0.369237
0.878976, -0.369296
0.879227, -0.369206
0.879678, -0.368963
0.880335, -0.368565
0.881202, -0.368007
0.882284, -0.367286
0.883585, -0.3664
0.88511, -0.365343
0.886883, -0.364408
0.888405, -0.363632
0.88968, -0.363013
0.890714, -0.362545
0.891512, -0.362228
0.892079, -0.362056
0.89242, -0.362028
0.892541, -0.362139
0.892446, -0.362387
0.89214, -0.362768
0.891629, -0.363278
0.890918, -0.363916
0.890012, -0.364677
0.888917, -0.365558
0.887636, -0.366557
0.886176, -0.367669
0.884541, -0.368891
0.882737, -0.370221
0.880768, -0.371655
0.878641, -0.373189
0.876359, -0.374821
0.873929, -0.376548
0.871355, -0.378365
0.868643, -0.38027
0.865797, -0.382259
0.862822, -0.38433
0.859725, -0.386478
0.856509, -0.388702
0.853181, -0.390996
0.849745, -0.39336
0.846206, -0.395788
0.842569, -0.398277
0.838841, -0.400826
0.835024, -0.403429
0.831126, -0.406085
0.827151, -0.408789
0.823104, -0.411539
0.818991, -0.414331
0.814815, -0.417162
0.810584, -0.420029
0.8063, -0.422928
0.801971, -0.425856
0.797601, -0.428811
0.793195, -0.431788
0.788758, -0.434785
0.784295, -0.437798
0.779812, -0.440824
0.775313, -0.443859
0.770804, -0.446902
0.76629, -0.449947
0.761776, -0.452993
0.757267, -0.456035
0.752769, -0.45907
0.748286, -0.462096
0.743823, -0.465109
0.739386, -0.468106
0.73498, -0.471083
0.730609, -0.474038
0.72628, -0.476966
0.721997, -0.479866
0.717765, -0.482732
0.71359, -0.485563
0.709476, -0.488355
0.705429, -0.491105
0.701454, -0.493809
0.697556, -0.496465
0.69374, -0.499068
0.690011, -0.501617
0.686375, -0.504107
0.682836, -0.506535
0.6794, -0.508898
0.676071, -0.511193
0.672856, -0.513416
0.669758, -0.515565
0.666784, -0.517635
0.663938, -0.519625
0.661225, -0.52153
0.658651, -0.523347
0.656221, -0.525073
0.65394, -0.526705
0.651812, -0.528239
0.649844, -0.529673
0.64804, -0.531003
0.646405, -0.532225
0.644945, -0.533337
0.643664, -0.534336
0.642568, -0.535217
0.641662, -0.535978
0.640951, -0.536616
0.64044, -0.537127
0.640135, -0.537508
0.64004, -0.537755
0.64016, -0.537866
0.640501, -0.537838
0.641068, -0.537666
0.641866, -0.537349
0.6429, -0.536882
0.644175, -0.536262
0.645697, -0.535486
0.64747, -0.534551
0.64942, -0.533666
0.651099, -0.532939
0.652512, -0.532366
0.653665, -0.531943
0.654562, -0.531668
0.655211, -0.531538
0.655616, -0.531548
0.655782, -0.531697
0.655716, -0.531981
0.655423, -0.532396
0.654908, -0.532939
0.654178, -0.533607
0.653236, -0.534398
0.65209, -0.535307
0.650745, -0.536331
0.649205, -0.537468
0.647477, -0.538714
0.645567, -0.540066
0.643479, -0.541521
0.64122, -0.543075
0.638794, -0.544725
0.636208, -0.546468
0.633466, -0.548302
0.630575, -0.550222
0.62754, -0.552225
0.624367, -0.554308
0.62106, -0.556469
0.617626, -0.558703
0.614071, -0.561008
0.610399, -0.56338
0.606616, -0.565816
0.602728, -0.568314
0.59874, -0.570869
0.594658, -0.573479
0.590488, -0.57614
0.586234, -0.578849
0.581903, -0.581603
0.5775, -0.584399
0.573031, -0.587233
0.5685, -0.590103
0.563914, -0.593004
0.559278, -0.595935
0.554598, -0.598891
0.549879, -0.60187
0.545127, -0.604868
0.540347, -0.607882
0.535545, -0.610908
0.530727, -0.613945
0.525897, -0.616988
0.521062, -0.620034
0.516227, -0.62308
0.511397, -0.626123
0.506579, -0.629159
0.501777, -0.632186
0.496997, -0.6352
0.492245, -0.638198
0.487526, -0.641176
0.482846, -0.644133
0.47821, -0.647063
0.473624, -0.649965
0.469094, -0.652834
0.464624, -0.655669
0.460221, -0.658465
0.45589, -0.661219
0.451636, -0.663928
0.447466, -0.666589
0.443384, -0.669198
0.439396, -0.671754
0.435508, -0.674251
0.431725, -0.676687
0.428053, -0.67906
0.424498, -0.681364
0.421064, -0.683599
0.417757, -0.685759
0.414584, -0.687843
0.411549, -0.689846
0.408658, -0.691766
0.405916, -0.693599
0.40333, -0.695342
0.400904, -0.696993
0.398645, -0.698547
0.396557, -0.700001
0.394647, -0.701353
0.392919, -0.702599
0.391379, -0.703736
0.390034, -0.704761
0.388888, -0.70567
0.387946, -0.70646
0.387216, -0.707129
0.386701, -0.707672
0.386408, -0.708087
0.386342, -0.70837
0.386508, -0.708519
0.386913, -0.70853
0.387562, -0.708399
0.388459, -0.708124
0.389612, -0.707702
0.391025, -0.707129
0.392704, -0.706401
0.394654, -0.705517
0.397693, -0.703184
0.400308, -0.701265
0.402509, -0.699751
0.404304, -0.698633
0.405701, -0.697904
0.40671, -0.697555
0.407338, -0.697577
0.407595, -0.697962
0.407489, -0.698702
0.407029, -0.699788
0.406223, -0.701211
0.40508, -0.702964
0.403609, -0.705038
0.401818, -0.707423
0.399716, -0.710113
0.397312, -0.713098
0.394614, -0.71637
0.39163, -0.719921
0.388371, -0.723742
0.384843, -0.727824
0.381057, -0.73216
0.377019, -0.73674
0.37274, -0.741557
0.368228, -0.746602
0.363491, -0.751866
0.358537, -0.757341
0.353377, -0.763019
0.348018, -0.768891
0.342469, -0.774949
0.336738, -0.781184
0.330834, -0.787587
0.324767, -0.794151
0.318544, -0.800868
0.312173, -0.807727
0.305665, -0.814722
0.299027, -0.821843
0.292268, -0.829083
0.285397, -0.836432
0.278422, -0.843882
0.271352, -0.851426
0.264196, -0.859053
0.256962, -0.866757
0.249659, -0.874528
0.242295, -0.882359
0.23488, -0.890239
0.227421, -0.898163
0.219928, -0.90612
0.212409, -0.914102
0.204872, -0.922101
0.197327, -0.930109
0.189782, -0.938116
0.182245, -0.946115
0.174726, -0.954098
0.167233, -0.962055
0.159774, -0.969978
0.152359, -0.977859
0.144995, -0.985689
0.137692, -0.99346
0.130458, -1.00116
0.123301, -1.00879
0.116232, -1.01634
0.109257, -1.02379
0.102385, -1.03113
0.0956266, -1.03837
0.0889887, -1.0455
0.0824804, -1.05249
0.0761103, -1.05935
0.0698871, -1.06607
0.0638195, -1.07263
0.057916, -1.07903
0.0521853, -1.08527
0.046636, -1.09133
0.0412768, -1.0972
0.0361164, -1.10288
0.0311633, -1.10835
0.0264262, -1.11362
0.0219137, -1.11866
0.0176345, -1.12348
0.0135973, -1.12806
0.00981057, -1.13239
0.00628307, -1.13648
0.00302342, -1.1403
4.02398e-005, -1.14385
-0.00265782, -1.14712
-0.00506211, -1.1501
-0.007164, -1.15279
-0.00895485, -1.15518
-0.010426, -1.15725
-0.0115689, -1.15901
-0.0123748, -1.16043
-0.0128351, -1.16152
-0.0129411, -1.16225
-0.0126843, -1.16264
-0.0120559, -1.16266
-0.0110474, -1.16231
-0.00965008, -1.16158
-0.00785532, -1.16047
-0.00565448, -1.15895
-0.00303892, -1.15703
2.12108e-016, -1.1547
0.000542871, -1.15676
0.000972484, -1.15854
0.00129115, -1.16005
0.00150119, -1.1613
0.0016049, -1.1623
0.00160459, -1.16304
0.00150259, -1.16354
0.0013012, -1.1638
0.00100273, -1.16382
0.0006095, -1.16361
0.000123811, -1.16318
-0.000452021, -1.16253
-0.00111569, -1.16167
-0.00186487, -1.1606
-0.00269727, -1.15934
-0.00361056, -1.15787
-0.00460244, -1.15622
-0.00567059, -1.15438
-0.00681271, -1.15236
-0.00802648, -1.15017
-0.00930959, -1.14781
-0.0106597, -1.14529
-0.0120746, -1.14262
-0.0135519, -1.13979
-0.0150892, -1.13682
-0.0166844, -1.1337
-0.018335, -1.13046
-0.0200388, -1.12708
-0.0217934, -1.12359
-0.0235966, -1.11997
-0.025446, -1.11624
-0.0273393, -1.11241
-0.0292742, -1.10848
-0.0312484, -1.10445
-0.0332596, -1.10033
-0.0353055, -1.09613
-0.0373837, -1.09185
-0.039492, -1.0875
-0.041628, -1.08308
-0.0437894, -1.07859
-0.0459739, -1.07406
-0.0481793, -1.06947
-0.0504031, -1.06484
-0.0526432, -1.06017
-0.054897, -1.05546
-0.0571625, -1.05073
-0.0594372, -1.04597
-0.0617188, -1.0412
-0.064005, -1.03642
-0.0662936, -1.03163
-0.0685822, -1.02684
-0.0708684, -1.02206
-0.07315, -1.01729
-0.0754247, -1.01253
-0.0776902, -1.0078
-0.079944, -1.0031
-0.0821841, -0.998425
-0.0844079, -0.993793
-0.0866133, -0.989206
-0.0887978, -0.984668
-0.0909592, -0.980187
-0.0930952, -0.975768
-0.0952035, -0.971415
-0.0972817, -0.967135
-0.0993276, -0.962933
-0.101339, -0.958815
-0.103313, -0.954786
-0.105248, -0.950853
-0.107141, -0.94702
-0.108991, -0.943293
-0.110794, -0.939678
-0.112548, -0.93618
-0.114252, -0.932805
-0.115903, -0.929559
-0.117498, -0.926446
-0.119035, -0.923474
-0.120513, -0.920646
-0.121927, -0.91797
-0.123278, -0.91545
-0.124561, -0.913092
-0.125774, -0.910901
-0.126917, -0.908884
-0.127985, -0.907046
-0.128977, -0.905392
-0.12989, -0.903928
-0.130722, -0.902659
-0.131472, -0.901592
-0.132135, -0.900731
-0.132711, -0.900083
-0.133197, -0.899652
-0.13359, -0.899446
-0.133888, -0.899468
-0.13409, -0.899725
-0.134192, -0.900222
-0.134192, -0.900965
-0.134088, -0.901959
-0.133878, -0.90321
-0.13356, -0.904724
-0.13313, -0.906506
-0.132587, -0.908562
-0.130837, -0.907133
-0.129352, -0.905667
-0.128126, -0.904165
-0.127155, -0.902628
-0.126432, -0.901057
-0.125952, -0.899453
-0.125711, -0.897816
-0.125701, -0.896147
-0.125919, -0.894447
-0.126358, -0.892716
-0.127014, -0.890956
-0.12788, -0.889167
-0.128952, -0.887349
-0.130224, -0.885504
-0.131691, -0.883632
-0.133346, -0.881735
-0.135186, -0.879812
-0.137204, -0.877864
-0.139395, -0.875893
-0.141753, -0.873898
-0.144274, -0.871881
-0.146951, -0.869843
-0.14978, -0.867784
-0.152755, -0.865705
-0.15587, -0.863607
-0.159121, -0.86149
-0.162501, -0.859355
-0.166005, -0.857203
-0.169629, -0.855034
-0.173366, -0.852851
-0.177211, -0.850652
-0.181159, -0.848439
-0.185204, -0.846213
-0.189341, -0.843974
-0.193564, -0.841723
-0.197869, -0.839461
-0.202249, -0.837189
-0.2067, -0.834907
-0.211215, -0.832616
-0.21579, -0.830317
-0.220419, -0.82801
-0.225097, -0.825697
-0.229818, -0.823378
-0.234576, -0.821053
-0.239367, -0.818724
-0.244186, -0.816392
-0.249025, -0.814056
-0.253881, -0.811719
-0.258748, -0.809379
-0.263621, -0.80704
-0.268493, -0.8047
-0.27336, -0.80236
-0.278216, -0.800023
-0.283055, -0.797687
-0.287874, -0.795355
-0.292665, -0.793026
-0.297423, -0.790701
-0.302144, -0.788382
-0.306822, -0.786069
-0.311451, -0.783762
-0.316026, -0.781463
-0.320541, -0.779172
-0.324992, -0.77689
-0.329372, -0.774618
-0.333677, -0.772356
-0.3379, -0.770105
-0.342037, -0.767866
-0.346082, -0.76564
-0.35003, -0.763427
-0.353875, -0.761228
-0.357612, -0.759045
-0.361236, -0.756876
-0.36474, -0.754724
-0.368121, -0.752589
-0.371371, -0.750472
-0.374486, -0.748374
-0.377461, -0.746295
-0.38029, -0.744236
-0.382967, -0.742198
-0.385488, -0.740181
-0.387846, -0.738186
-0.390037, -0.736215
-0.392055, -0.734267
-0.393895, -0.732344
-0.39555, -0.730447
-0.397017, -0.728575
-0.398289, -0.72673
-0.399361, -0.724912
-0.400227, -0.723123
-0.400883, -0.721363
-0.401322, -0.719632
-0.40154, -0.717932
-0.401531, -0.716263
-0.401289, -0.714626
-0.400809, -0.713022
-0.400086, -0.711451
-0.399115, -0.709914
-0.397889, -0.708412
-0.396404, -0.706946
-0.394654, -0.705517
-0.392707, -0.704527
-0.391032, -0.703493
-0.389622, -0.702417
-0.388472, -0.701299
-0.387577, -0.70014
-0.386931, -0.698941
-0.386528, -0.697703
-0.386364, -0.696426
-0.386432, -0.695113
-0.386727, -0.693762
-0.387243, -0.692376
-0.387975, -0.690955
-0.388917, -0.689501
-0.390065, -0.688013
-0.391411, -0.686494
-0.392951, -0.684943
-0.39468, -0.683362
-0.396591, -0.681752
-0.398679, -0.680113
-0.400939, -0.678446
-0.403364, -0.676753
-0.405951, -0.675034
-0.408692, -0.67329
-0.411583, -0.671522
-0.414617, -0.669731
-0.41779, -0.667918
-0.421096, -0.666083
-0.424529, -0.664228
-0.428084, -0.662353
-0.431755, -0.660459
-0.435537, -0.658548
-0.439424, -0.65662
-0.44341, -0.654675
-0.447491, -0.652716
-0.45166, -0.650742
-0.455913, -0.648755
-0.460242, -0.646756
-0.464644, -0.644745
-0.469112, -0.642723
-0.473641, -0.640692
-0.478225, -0.638651
-0.48286, -0.636603
-0.487538, -0.634547
-0.492255, -0.632485
-0.497006, -0.630418
-0.501784, -0.628347
-0.506584, -0.626272
-0.511401, -0.624194
-0.516229, -0.622114
-0.521062, -0.620034
-0.525895, -0.617953
-0.530723, -0.615874
-0.53554, -0.613796
-0.54034, -0.611721
-0.545118, -0.609649
-0.549869, -0.607582
-0.554586, -0.60552
-0.559264, -0.603465
-0.563899, -0.601416
-0.568483, -0.599376
-0.573012, -0.597344
-0.57748, -0.595323
-0.581882, -0.593312
-0.586211, -0.591312
-0.590464, -0.589325
-0.594633, -0.587351
-0.598714, -0.585392
-0.6027, -0.583448
-0.606587, -0.58152
-0.610369, -0.579608
-0.61404, -0.577715
-0.617595, -0.57584
-0.621028, -0.573985
-0.624334, -0.57215
-0.627507, -0.570336
-0.630541, -0.568545
-0.633432, -0.566777
-0.636173, -0.565033
-0.63876, -0.563314
-0.641185, -0.561621
-0.643445, -0.559955
-0.645533, -0.558316
-0.647444, -0.556705
-0.649173, -0.555124
-0.650713, -0.553574
-0.652059, -0.552054
-0.653207, -0.550567
-0.654149, -0.549112
-0.654881, -0.547691
-0.655397, -0.546305
-0.655692, -0.544955
-0.65576, -0.543641
-0.655596, -0.542364
-0.655193, -0.541126
-0.654547, -0.539927
-0.653652, -0.538768
-0.652502, -0.53765
-0.651092, -0.536574
-0.649417, -0.535541
-0.64747, -0.534551
-0.645637, -0.533574
-0.644059, -0.532555
-0.642731, -0.531493
-0.641648, -0.530389
-0.640804, -0.529244
-0.640194, -0.52806
-0.639814, -0.526837
-0.639657, -0.525575
-0.639719, -0.524277
-0.639995, -0.522942
-0.640479, -0.521572
-0.641165, -0.520167
-0.64205, -0.518729
-0.643128, -0.517257
-0.644392, -0.515754
-0.645839, -0.51422
-0.647463, -0.512656
-0.649259, -0.511063
-0.651222, -0.509441
-0.653346, -0.507792
-0.655626, -0.506116
-0.658057, -0.504415
-0.660634, -0.502689
-0.663351, -0.500939
-0.666204, -0.499166
-0.669187, -0.49737
-0.672295, -0.495554
-0.675522, -0.493717
-0.678865, -0.491861
-0.682316, -0.489986
-0.685872, -0.488093
-0.689527, -0.486184
-0.693275, -0.484259
-0.697112, -0.482318
-0.701032, -0.480364
-0.70503, -0.478396
-0.709101, -0.476415
-0.71324, -0.474424
-0.717441, -0.472421
-0.7217, -0.470409
-0.726011, -0.468388
-0.730368, -0.466359
-0.734767, -0.464323
-0.739203, -0.462281
-0.74367, -0.460233
-0.748163, -0.458181
-0.752676, -0.456126
-0.757206, -0.454068
-0.761745, -0.452008
-0.76629, -0.449947
-0.770835, -0.447886
-0.775375, -0.445826
-0.779904, -0.443768
-0.784418, -0.441713
-0.788911, -0.439661
-0.793378, -0.437613
-0.797813, -0.435571
-0.802212, -0.433535
-0.80657, -0.431506
-0.810881, -0.429485
-0.815139, -0.427473
-0.81934, -0.425471
-0.823479, -0.423479
-0.82755, -0.421499
-0.831549, -0.419531
-0.835469, -0.417576
-0.839306, -0.415636
-0.843054, -0.41371
-0.846709, -0.411801
-0.850264, -0.409908
-0.853716, -0.408033
-0.857058, -0.406177
-0.860286, -0.40434
-0.863394, -0.402524
-0.866377, -0.400729
-0.869229, -0.398956
-0.871947, -0.397205
-0.874524, -0.395479
-0.876955, -0.393778
-0.879235, -0.392102
-0.881359, -0.390453
-0.883321, -0.388831
-0.885117, -0.387238
-0.886741, -0.385674
-0.888188, -0.38414
-0.889453, -0.382637
-0.89053, -0.381166
-0.891415, -0.379727
-0.892102, -0.378322
-0.892586, -0.376952
-0.892861, -0.375617
-0.892923, -0.374319
-0.892767, -0.373057
-0.892386, -0.371834
-0.891777, -0.37065
-0.890933, -0.369505
-0.889849, -0.368402
-0.888521, -0.367339
-0.886943, -0.36632
-0.88511, -0.365343
-0.883492, -0.364276
-0.882103, -0.363168
-0.880939, -0.362019
-0.879996, -0.360831
-0.879267, -0.359605
-0.87875, -0.358341
-0.878438, -0.35704
-0.878329, -0.355704
-0.878415, -0.354332
-0.878694, -0.352926
-0.87916, -0.351486
-0.879809, -0.350014
-0.880636, -0.34851
-0.881636, -0.346975
-0.882805, -0.34541
-0.884138, -0.343816
-0.88563, -0.342194
-0.887277, -0.340543
-0.889073, -0.338866
-0.891015, -0.337163
-0.893097, -0.335435
-0.895315, -0.333683
-0.897665, -0.331908
-0.90014, -0.330109
-0.902738, -0.328289
-0.905453, -0.326448
-0.90828, -0.324587
-0.911215, -0.322707
-0.914252, -0.320809
-0.917389, -0.318893
-0.920619, -0.31696
-0.923938, -0.315011
-0.927341, -0.313047
-0.930824, -0.311069
-0.934381, -0.309078
-0.93801, -0.307074
-0.941703, -0.305058
-0.945458, -0.303032
-0.949269, -0.300995
-0.953131, -0.298949
-0.95704, -0.296895
-0.960991, -0.294834
-0.96498, -0.292765
-0.969002, -0.290691
-0.973051, -0.288612
-0.977124, -0.286529
-0.981216, -0.284442
-0.985322, -0.282353
-0.989437, -0.280262
-0.993557, -0.27817
-0.997677, -0.276078
-1.00179, -0.273987
-1.0059, -0.271898
-1.00999, -0.269811
-1.01406, -0.267728
-1.01811, -0.265649
-1.02213, -0.263575
-1.02612, -0.261506
-1.03007, -0.259445
-1.03398, -0.257391
-1.03785, -0.255345
-1.04166, -0.253308
-1.04541, -0.251282
-1.04911, -0.249266
-1.05273, -0.247262
-1.05629, -0.245271
-1.05977, -0.243293
-1.06318, -0.241329
-1.0665, -0.23938
-1.06973, -0.237447
-1.07286, -0.235531
-1.0759, -0.233633
-1.07883, -0.231752
-1.08166, -0.229891
-1.08438, -0.228051
-1.08697, -0.226231
-1.08945, -0.224432
-1.0918, -0.222657
-1.09402, -0.220904
-1.0961, -0.219176
-1.09804, -0.217473
-1.09984, -0.215796
-1.10148, -0.214146
-1.10298, -0.212524
-1.10431, -0.210929
-1.10548, -0.209364
-1.10648, -0.20783
-1.10731, -0.206326
-1.10795, -0.204854
-1.10842, -0.203414
-1.1087, -0.202008
-1.10879, -0.200636
-1.10868, -0.1993
-1.10836, -0.197999
-1.10785, -0.196735
-1.10712, -0.195509
-1.10618, -0.194321
-1.10501, -0.193172
-1.10362, -0.192064
-1.102, -0.190996
-1.10066, -0.189793
-1.09951, -0.188553
-1.09856, -0.187277
-1.0978, -0.185966
-1.09722, -0.18462
-1.09682, -0.183241
-1.0966, -0.181829
-1.09655, -0.180384
-1.09668, -0.178909
-1.09696, -0.177402
-1.09741, -0.175866
-1.09801, -0.1743
-1.09877, -0.172706
-1.09968, -0.171085
-1.10073, -0.169436
-1.10192, -0.167761
-1.10325, -0.166061
-1.10471, -0.164336
-1.1063, -0.162587
-1.10802, -0.160815
-1.10985, -0.159021
-1.11181, -0.157205
-1.11387, -0.155368
-1.11605, -0.15351
-1.11833, -0.151633
-1.12071, -0.149738
-1.12318, -0.147825
-1.12575, -0.145894
-1.12841, -0.143947
-1.13115, -0.141984
-1.13397, -0.140006
-1.13687, -0.138014
-1.13984, -0.136009
-1.14288, -0.133991
-1.14599, -0.13196
-1.14915, -0.129919
-1.15237, -0.127867
-1.15564, -0.125806
-1.15896, -0.123735
-1.16233, -0.121656
-1.16574, -0.11957
-1.16918, -0.117477
-1.17265, -0.115378
-1.17616, -0.113274
-1.17968, -0.111165
-1.18323, -0.109053
-1.18679, -0.106937
-1.19037, -0.104819
-1.19395, -0.1027
-1.19754, -0.10058
-1.20112, -0.0984604
-1.20471, -0.0963412
-1.20828, -0.0942235
-1.21184, -0.0921081
-1.21539, -0.0899956
-1.21892, -0.0878869
-1.22242, -0.0857827
-1.22589, -0.0836837
-1.22934, -0.0815907
-1.23274, -0.0795044
-1.23611, -0.0774256
-1.23943, -0.0753551
-1.2427, -0.0732935
-1.24592, -0.0712416
-1.24909, -0.0692003
-1.25219, -0.0671701
-1.25523, -0.0651519
-1.2582, -0.0631465
-1.2611, -0.0611545
-1.26392, -0.0591767
-1.26666, -0.0572139
-1.26932, -0.0552668
-1.27189, -0.0533361
-1.27437, -0.0514227
-1.27675, -0.0495272
-1.27902, -0.0476504
-1.2812, -0.0457931
-1.28326, -0.043956
-1.28522, -0.0421398
-1.28705, -0.0403453
-1.28877, -0.0385733
-1.29036, -0.0368244
-1.29182, -0.0350995
-1.29315, -0.0333993
-1.29434, -0.0317245
-1.29539, -0.030076
-1.2963, -0.0284543
-1.29706, -0.0268603
-1.29766, -0.0252948
-1.29811, -0.0237584
-1.2984, -0.022252
-1.29852, -0.0207762
-1.29847, -0.0193319
-1.29825, -0.0179197
-1.29785, -0.0165405
-1.29727, -0.0151949
-1.29651, -0.0138838
-1.29556, -0.0126078
-1.29441, -0.0113677
-1.29307, -0.0101643
-1.29204, -0.00880486
-1.29116, -0.00741493
-1.29045, -0.00599507
-1.28989, -0.00454591
-1.28947, -0.00306808
-1.28921, -0.0015622
-1.28909, -2.88892e-005
-1.28911, 0.00153122
-1.28926, 0.00311752
-1.28955, 0.00472937
-1.28997, 0.00636615
-1.29052, 0.00802725
-1.29119, 0.00971203
-1.29199, 0.0114199
-1.2929, 0.0131502
-1.29392, 0.0149023
-1.29506, 0.0166756
-1.2963, 0.0184694
-1.29765, 0.0202833
-1.2991, 0.0221164
-1.30064, 0.0239682
-1.30229, 0.0258381
-1.30402, 0.0277255
-1.30584, 0.0296297
-1.30775, 0.0315501
-1.30973, 0.0334861
-1.3118, 0.0354371
-1.31394, 0.0374024
-1.31616, 0.0393814
-1.31844, 0.0413735
-1.32078, 0.043378
-1.32319, 0.0453944
-1.32566, 0.0474221
-1.32819, 0.0494603
-1.33076, 0.0515085
-1.33339, 0.053566
-1.33606, 0.0556323
-1.33877, 0.0577067
-1.34152, 0.0597885
-1.34431, 0.0618772
-1.34713, 0.0639722
-1.34998, 0.0660727
-1.35286, 0.0681783
-1.35575, 0.0702882
-1.35867, 0.0724018
-1.36161, 0.0745186
-1.36456, 0.0766379
-1.36751, 0.078759
-1.37048, 0.0808814
-1.37345, 0.0830044
-1.37641, 0.0851273
-1.37938, 0.0872497
-1.38234, 0.0893709
-1.38528, 0.0914901
-1.38822, 0.0936069
-1.39114, 0.0957205
-1.39404, 0.0978304
-1.39691, 0.099936
-1.39976, 0.102037
-1.40258, 0.104131
-1.40537, 0.10622
-1.40812, 0.108302
-1.41084, 0.110376
-1.41351, 0.112443
-1.41613, 0.1145
-1.41871, 0.116548
-1.42123, 0.118587
-1.4237, 0.120614
-1.42611, 0.122631
-1.42845, 0.124635
-1.43074, 0.126627
-1.43295, 0.128606
-1.43509, 0.130572
-1.43716, 0.132523
-1.43915, 0.134459
-1.44105, 0.136379
-1.44287, 0.138283
-1.44461, 0.140171
-1.44625, 0.14204
-1.4478, 0.143892
-1.44924, 0.145725
-1.45059, 0.147539
-1.45184, 0.149333
-1.45297, 0.151106
-1.454, 0.152859
-1.45491, 0.154589
-1.4557, 0.156297
-1.45637, 0.157981
-1.45692, 0.159643
-1.45734, 0.161279
-1.45763, 0.162891
-1.45779, 0.164477
-1.45781, 0.166038
-1.45768, 0.167571
-1.45742, 0.169077
-1.45701, 0.170555
-1.45644, 0.172004
-1.45573, 0.173424
-1.45486, 0.174814
-1.45382, 0.176173
-1.45311, 0.17769
-1.45252, 0.17923
-1.45205, 0.180792
-1.45169, 0.182377
-1.45145, 0.183983
-1.45131, 0.18561
-1.45129, 0.187258
-1.45136, 0.188926
-1.45154, 0.190613
-1.45183, 0.19232
-1.4522, 0.194045
-1.45268, 0.195789
-1.45324, 0.197551
-1.4539, 0.19933
-1.45465, 0.201126
-1.45548, 0.202938
-1.45639, 0.204766
-1.45738, 0.20661
-1.45846, 0.208469
-1.4596, 0.210342
-1.46083, 0.212229
-1.46212, 0.21413
-1.46348, 0.216044
-1.46491, 0.217971
-1.4664, 0.21991
-1.46795, 0.22186
-1.46956, 0.223822
-1.47123, 0.225795
-1.47295, 0.227777
-1.47472, 0.22977
-1.47654, 0.231772
-1.4784, 0.233783
-1.48032, 0.235803
-1.48227, 0.23783
-1.48426, 0.239865
-1.48629, 0.241907
-1.48835, 0.243956
-1.49044, 0.24601
-1.49257, 0.248071
-1.49472, 0.250136
-1.49689, 0.252206
-1.49909, 0.254281
-1.50131, 0.256359
-1.50354, 0.25844
-1.50579, 0.260524
-1.50805, 0.262611
-1.51032, 0.264699
-1.5126, 0.266789
-1.51488, 0.26888
-1.51716, 0.270971
-1.51945, 0.273062
-1.52173, 0.275153
-1.52401, 0.277242
-1.52628, 0.279331
-1.52854, 0.281417
-1.53079, 0.283502
-1.53302, 0.285583
-1.53524, 0.287661
-1.53743, 0.289735
-1.53961, 0.291805
-1.54176, 0.293871
-1.54388, 0.295931
-1.54598, 0.297986
-1.54804, 0.300034
-1.55007, 0.302076
-1.55206, 0.304111
-1.55401, 0.306139
-1.55592, 0.308158
-1.55779, 0.310169
-1.55961, 0.312171
-1.56138, 0.314164
-1.5631, 0.316147
-1.56477, 0.31812
-1.56638, 0.320081
-1.56793, 0.322032
-1.56942, 0.323971
-1.57085, 0.325897
-1.57221, 0.327811
-1.5735, 0.329712
-1.57472, 0.3316
-1.57587, 0.333473
-1.57694, 0.335331
-1.57794, 0.337175
-1.57885, 0.339003
-1.57968, 0.340816
-1.58043, 0.342612
-1.58108, 0.344391
-1.58165, 0.346152
-1.58212, 0.347896
-1.5825, 0.349622
-1.58278, 0.351328
-1.58296, 0.353016
-1.58304, 0.354684
-1.58301, 0.356332
-1.58288, 0.357959
-1.58263, 0.359565
-1.58227, 0.361149
-1.5818, 0.362712
-1.58121, 0.364252
-1.5805, 0.365769
-1.5801, 0.367425
-1.57977, 0.369095
-1.57952, 0.37078
-1.57935, 0.372479
-1.57925, 0.374192
-1.57923, 0.375919
-1.57927, 0.377658
-1.57939, 0.379411
-1.57957, 0.381176
-1.57981, 0.382953
-1.58013, 0.384742
-1.5805, 0.386543
-1.58093, 0.388356
-1.58143, 0.390179
-1.58198, 0.392013
-1.58259, 0.393858
-1.58326, 0.395713
-1.58397, 0.397578
-1.58474, 0.399452
-1.58556, 0.401336
-1.58643, 0.403228
-1.58734, 0.40513
-1.5883, 0.407039
-1.5893, 0.408957
-1.59034, 0.410883
-1.59143, 0.412816
-1.59255, 0.414756
-1.59371, 0.416703
-1.5949, 0.418657
-1.59613, 0.420617
-1.59739, 0.422583
-1.59868, 0.424554
-1.6, 0.426531
-1.60135, 0.428514
-1.60272, 0.430501
-1.60412, 0.432492
-1.60554, 0.434488
-1.60698, 0.436487
-1.60844, 0.43849
-1.60992, 0.440497
-1.61142, 0.442506
-1.61292, 0.444518
-1.61444, 0.446533
-1.61598, 0.448549
-1.61752, 0.450568
-1.61907, 0.452588
-1.62063, 0.454609
-1.62219, 0.456631
-1.62375, 0.458653
-1.62532, 0.460676
-1.62689, 0.462699
-1.62845, 0.464722
-1.63001, 0.466744
-1.63157, 0.468765
-1.63312, 0.470785
-1.63466, 0.472803
-1.63619, 0.47482
-1.63772, 0.476834
-1.63922, 0.478846
-1.64072, 0.480856
-1.6422, 0.482862
-1.64366, 0.484865
-1.6451, 0.486865
-1.64652, 0.488861
-1.64791, 0.490852
-1.64929, 0.492839
-1.65063, 0.494821
-1.65196, 0.496798
-1.65325, 0.49877
-1.65451, 0.500736
-1.65574, 0.502696
-1.65693, 0.50465
-1.65809, 0.506597
-1.65921, 0.508537
-1.6603, 0.51047
-1.66134, 0.512395
-1.66234, 0.514313
-1.6633, 0.516223
-1.66421, 0.518124
-1.66508, 0.520017
-1.6659, 0.5219
-1.66667, 0.523775
-1.66738, 0.52564
-1.66805, 0.527494
-1.66866, 0.529339
-1.66921, 0.531173
-1.6697, 0.532997
-1.67014, 0.534809
-1.67051, 0.53661
-1.67083, 0.538399
-1.67107, 0.540177
-1.67125, 0.541942
-1.67137, 0.543694
-1.67141, 0.545434
-1.67139, 0.54716
-1.67129, 0.548873
-1.67111, 0.550572
-1.67087, 0.552257
-1.67054, 0.553928
-1.67014, 0.555584
-1.66998, 0.557335
-1.66986, 0.559093
-1.66979, 0.560857
-1.66975, 0.562628
-1.66975, 0.564406
-1.66978, 0.56619
-1.66986, 0.56798
-1.66996, 0.569776
-1.67011, 0.571579
-1.67028, 0.573387
-1.67049, 0.5752
-1.67073, 0.577019
-1.671, 0.578844
-1.6713, 0.580673
-1.67163, 0.582508
-1.67199, 0.584347
-1.67238, 0.586192
-1.67279, 0.588041
-1.67323, 0.589894
-1.67369, 0.591752
-1.67418, 0.593614
-1.6747, 0.595481
-1.67523, 0.597351
-1.67579, 0.599225
-1.67637, 0.601102
-1.67697, 0.602984
-1.67759, 0.604868
-1.67823, 0.606756
-1.67889, 0.608647
-1.67956, 0.610541
-1.68025, 0.612437
-1.68096, 0.614337
-1.68168, 0.616238
-1.68241, 0.618143
-1.68316, 0.620049
-1.68392, 0.621958
-1.68469, 0.623868
-1.68547, 0.625781
-1.68626, 0.627695
-1.68706, 0.62961
-1.68787, 0.631528
-1.68869, 0.633446
-1.68951, 0.635365
-1.69034, 0.637286
-1.69117, 0.639207
-1.69201, 0.641129
-1.69285, 0.643052
-1.69369, 0.644975
-1.69453, 0.646898
-1.69538, 0.648821
-1.69622, 0.650745
-1.69707, 0.652668
-1.69791, 0.654591
-1.69875, 0.656513
-1.69959, 0.658435
-1.70042, 0.660357
-1.70125, 0.662277
-1.70207, 0.664197
-1.70289, 0.666115
-1.7037, 0.668032
-1.7045, 0.669948
-1.70529, 0.671862
-1.70607, 0.673774
-1.70684, 0.675685
-1.7076, 0.677593
-1.70835, 0.6795
-1.70908, 0.681404
-1.7098, 0.683306
-1.71051, 0.685205
-1.7112, 0.687102
-1.71187, 0.688996
-1.71253, 0.690887
-1.71317, 0.692774
-1.71379, 0.694659
-1.71439, 0.69654
-1.71497, 0.698418
-1.71552, 0.700292
-1.71606, 0.702162
-1.71657, 0.704028
-1.71706, 0.70589
-1.71753, 0.707748
-1.71797, 0.709602
-1.71838, 0.711451
-1.71877, 0.713295
-1.71913, 0.715135
-1.71946, 0.716969
-1.71976, 0.718799
-1.72003, 0.720623
-1.72027, 0.722442
-1.72048, 0.724256
-1.72065, 0.726064
-1.7208, 0.727866
-1.7209, 0.729662
-1.72097, 0.731452
-1.72101, 0.733236
-1.72101, 0.735014
-1.72097, 0.736785
-1.72089, 0.73855
-1.72078, 0.740308
-1.72062, 0.742058
-1.72061, 0.743827
-1.7206, 0.745598
-1.7206, 0.747369
-1.72061, 0.749142
-1.72063, 0.750917
-1.72065, 0.752692
-1.72067, 0.754469
-1.7207, 0.756248
-1.72074, 0.758027
-1.72079, 0.759808
-1.72084, 0.761589
-1.72089, 0.763372
-1.72095, 0.765156
-1.72102, 0.766941
-1.72109, 0.768727
-1.72117, 0.770515
-1.72125, 0.772303
-1.72133, 0.774092
-1.72142, 0.775882
-1.72152, 0.777673
-1.72162, 0.779464
-1.72172, 0.781257
-1.72183, 0.78305
-1.72194, 0.784845
-1.72205, 0.78664
-1.72217, 0.788435
-1.72229, 0.790232
-1.72242, 0.792029
-1.72255, 0.793826
-1.72268, 0.795625
-1.72281, 0.797424
-1.72295, 0.799223
-1.72309, 0.801023
-1.72323, 0.802823
-1.72337, 0.804624
-1.72352, 0.806426
-1.72366, 0.808227
-1.72381, 0.810029
-1.72397, 0.811832
-1.72412, 0.813635
-1.72427, 0.815438
-1.72443, 0.817241
-1.72458, 0.819045
-1.72474, 0.820848
-1.7249, 0.822652
-1.72506, 0.824456
-1.72522, 0.826261
-1.72538, 0.828065
-1.72554, 0.829869
-1.7257, 0.831674
-1.72586, 0.833478
-1.72602, 0.835282
-1.72618, 0.837087
-1.72634, 0.838891
-1.7265, 0.840695
-1.72666, 0.842499
-1.72682, 0.844303
-1.72697, 0.846106
-1.72713, 0.84791
-1.72728, 0.849713
-1.72744, 0.851515
-1.72759, 0.853318
-1.72774, 0.85512
-1.72789, 0.856922
-1.72803, 0.858723
-1.72818, 0.860524
-1.72832, 0.862324
-1.72846, 0.864124
-1.72859, 0.865924
-1.72873, 0.867723
-1.72886, 0.869521
-1.72898, 0.871319
-1.72911, 0.873116
-1.72923, 0.874912
-1.72935, 0.876708
-1.72946, 0.878503
-1.72957, 0.880297
-1.72968, 0.88209
-1.72978, 0.883883
-1.72988, 0.885675
-1.72998, 0.887466
-1.73007, 0.889256
-1.73015, 0.891045
-1.73023, 0.892833
-1.73031, 0.89462
-1.73038, 0.896406
-1.73045, 0.898191
-1.73051, 0.899975
-1.73057, 0.901758
-1.73062, 0.90354
-1.73066, 0.90532
-1.7307, 0.9071
-1.73073, 0.908878
-1.73076, 0.910655
-1.73078, 0.912431
-1.73079, 0.914205
-1.7308, 0.915978
-1.7308, 0.91775
-1.73079, 0.91952
-1.73078, 0.921289
-1.73075, 0.922965
-1.73071, 0.924641
-1.73065, 0.926317
-1.73058, 0.927994
-1.73048, 0.929671
-1.73038, 0.931347
-1.73025, 0.933024
-1.73012, 0.934701
-1.72997, 0.936379
-1.7298, 0.938056
-1.72962, 0.939734
-1.72943, 0.941411
-1.72922, 0.943089
-1.729, 0.944767
-1.72877, 0.946445
-1.72853, 0.948123
-1.72828, 0.949801
-1.72801, 0.95148
-1.72773, 0.953158
-1.72745, 0.954837
-1.72715, 0.956516
-1.72684, 0.958194
-1.72652, 0.959873
-1.7262, 0.961552
-1.72586, 0.963231
-1.72552, 0.964911
-1.72517, 0.96659
-1.72481, 0.968269
-1.72444, 0.969949
-1.72406, 0.971628
-1.72368, 0.973308
-1.72329, 0.974987
-1.7229, 0.976667
-1.7225, 0.978347
-1.72209, 0.980026
-1.72168, 0.981706
-1.72126, 0.983386
-1.72084, 0.985066
-1.72042, 0.986746
-1.71999, 0.988426
-1.71956, 0.990106
-1.71912, 0.991786
-1.71869, 0.993466
-1.71825, 0.995146
-1.7178, 0.996827
-1.71736, 0.998507
-1.71691, 1.00019
-1.71647, 1.00187
-1.71602, 1.00355
-1.71557, 1.00523
-1.71513, 1.00691
-1.71468, 1.00859
-1.71423, 1.01027
-1.71379, 1.01195
-1.71334, 1.01363
-1.7129, 1.01531
-1.71246, 1.01699
-1.71203, 1.01867
-1.71159, 1.02035
-1.71116, 1.02203
-1.71073, 1.02371
-1.71031, 1.02539
-1.70989, 1.02707
-1.70947, 1.02875
-1.70906, 1.03043
-1.70865, 1.03211
-1.70825, 1.03379
-1.70786, 1.03547
-1.70747, 1.03715
-1.70709, 1.03883
-1.70671, 1.04051
-1.70634, 1.04219
-1.70598, 1.04386
-1.70563, 1.04554
-1.70529, 1.04722
-1.70495, 1.0489
-1.70462, 1.05058
-1.70431, 1.05226
-1.704, 1.05394
-1.7037, 1.05562
-1.70341, 1.0573
-1.70314, 1.05898
-1.70287, 1.06065
-1.70262, 1.06233
-1.70237, 1.06401
-1.70214, 1.06569
-1.70193, 1.06737
-1.70172, 1.06904
-1.70153, 1.07072
-1.70135, 1.0724
-1.70118, 1.07408
-1.70103, 1.07575
-1.70089, 1.07743
-1.70077, 1.07911
-1.70066, 1.08078
-1.70057, 1.08246
-1.7005, 1.08414
-1.70044, 1.08581
-1.70039, 1.08749
-1.70037, 1.08917
-1.70014, 1.09062
-1.69989, 1.09208
-1.69961, 1.09354
-1.6993, 1.09501
-1.69896, 1.09648
-1.69859, 1.09796
-1.6982, 1.09944
-1.69779, 1.10092
-1.69735, 1.1024
-1.69688, 1.10389
-1.6964, 1.10539
-1.69589, 1.10688
-1.69535, 1.10838
-1.6948, 1.10988
-1.69422, 1.11139
-1.69362, 1.1129
-1.69301, 1.11441
-1.69237, 1.11592
-1.69171, 1.11744
-1.69104, 1.11896
-1.69035, 1.12048
-1.68964, 1.122
-1.68891, 1.12353
-1.68817, 1.12506
-1.68741, 1.12659
-1.68664, 1.12812
-1.68586, 1.12965
-1.68506, 1.13119
-1.68425, 1.13273
-1.68342, 1.13427
-1.68259, 1.13581
-1.68174, 1.13736
-1.68088, 1.1389
-1.68001, 1.14045
-1.67913, 1.142
-1.67825, 1.14355
-1.67735, 1.1451
-1.67645, 1.14665
-1.67554, 1.1482
-1.67462, 1.14975
-1.6737, 1.15131
-1.67277, 1.15286
-1.67184, 1.15442
-1.67091, 1.15598
-1.66997, 1.15753
-1.66902, 1.15909
-1.66808, 1.16065
-1.66713, 1.16221
-1.66618, 1.16376
-1.66524, 1.16532
-1.66429, 1.16688
-1.66334, 1.16844
-1.66239, 1.17
-1.66145, 1.17155
-1.6605, 1.17311
-1.65956, 1.17467
-1.65863, 1.17622
-1.6577, 1.17778
-1.65677, 1.17934
-1.65585, 1.18089
-1.65493, 1.18244
-1.65402, 1.184
-1.65312, 1.18555
-1.65222, 1.1871
-1.65134, 1.18865
-1.65046, 1.1902
-1.64959, 1.19174
-1.64873, 1.19329
-1.64789, 1.19483
-1.64705, 1.19637
-1.64622, 1.19791
-1.64541, 1.19945
-1.64461, 1.20099
-1.64383, 1.20252
-1.64306, 1.20406
-1.6423, 1.20559
-1.64156, 1.20712
-1.64083, 1.20864
-1.64012, 1.21017
-1.63943, 1.21169
-1.63876, 1.21321
-1.6381, 1.21472
-1.63747, 1.21624
-1.63685, 1.21775
-1.63625, 1.21926
-1.63567, 1.22076
-1.63512, 1.22226
-1.63459, 1.22376
-1.63407, 1.22526
-1.63359, 1.22675
-1.63312, 1.22824
-1.63268, 1.22973
-1.63227, 1.23121
-1.63188, 1.23269
-1.63151, 1.23416
-1.63117, 1.23563
-1.63086, 1.2371
-1.63058, 1.23856
-1.63033, 1.24002
-1.6301, 1.24148
-1.62951, 1.24261
-1.62889, 1.24375
-1.62824, 1.2449
-1.62756, 1.24606
-1.62685, 1.24724
-1.62612, 1.24842
-1.62536, 1.24962
-1.62457, 1.25083
-1.62376, 1.25204
-1.62292, 1.25327
-1.62205, 1.25451
-1.62117, 1.25575
-1.62026, 1.25701
-1.61932, 1.25827
-1.61837, 1.25955
-1.61739, 1.26083
-1.6164, 1.26212
-1.61538, 1.26342
-1.61434, 1.26472
-1.61329, 1.26604
-1.61222, 1.26736
-1.61113, 1.26868
-1.61002, 1.27002
-1.60889, 1.27136
-1.60775, 1.27271
-1.6066, 1.27406
-1.60543, 1.27542
-1.60424, 1.27678
-1.60304, 1.27816
-1.60183, 1.27953
-1.60061, 1.28091
-1.59937, 1.2823
-1.59813, 1.28368
-1.59687, 1.28508
-1.59561, 1.28647
-1.59433, 1.28788
-1.59305, 1.28928
-1.59176, 1.29069
-1.59046, 1.2921
-1.58915, 1.29351
-1.58784, 1.29492
-1.58653, 1.29634
-1.5852, 1.29776
-1.58388, 1.29918
-1.58255, 1.30061
-1.58121, 1.30203
-1.57988, 1.30345
-1.57854, 1.30488
-1.5772, 1.30631
-1.57587, 1.30773
-1.57453, 1.30916
-1.57319, 1.31058
-1.57185, 1.31201
-1.57052, 1.31343
-1.56918, 1.31486
-1.56785, 1.31628
-1.56653, 1.3177
-1.5652, 1.31912
-1.56389, 1.32054
-1.56258, 1.32195
-1.56127, 1.32337
-1.55997, 1.32478
-1.55868, 1.32618
-1.5574, 1.32759
-1.55612, 1.32899
-1.55486, 1.33039
-1.5536, 1.33178
-1.55236, 1.33317
-1.55112, 1.33455
-1.5499, 1.33593
-1.54869, 1.33731
-1.54749, 1.33868
-1.5463, 1.34004
-1.54513, 1.3414
-1.54398, 1.34276
-1.54284, 1.3441
-1.54171, 1.34544
-1.54061, 1.34678
-1.53951, 1.34811
-1.53844, 1.34943
-1.53739, 1.35074
-1.53635, 1.35205
-1.53533, 1.35334
-1.53434, 1.35463
-1.53336, 1.35592
-1.53241, 1.35719
-1.53147, 1.35845
-1.53056, 1.35971
-1.52968, 1.36095
-1.52881, 1.36219
-1.52798, 1.36342
-1.52716, 1.36464
-1.52637, 1.36584
-1.52561, 1.36704
-1.52488, 1.36822
-1.52417, 1.3694
-1.52349, 1.37056
-1.52284, 1.37172
-1.52222, 1.37286
-1.52163, 1.37399
-1.52057, 1.37474
-1.5195, 1.37552
-1.5184, 1.37632
-1.51727, 1.37714
-1.51613, 1.37798
-1.51496, 1.37883
-1.51377, 1.3797
-1.51257, 1.38059
-1.51134, 1.3815
-1.51009, 1.38242
-1.50882, 1.38336
-1.50754, 1.38431
-1.50623, 1.38528
-1.50491, 1.38626
-1.50357, 1.38726
-1.50222, 1.38828
-1.50084, 1.3893
-1.49946, 1.39034
-1.49805, 1.3914
-1.49663, 1.39246
-1.4952, 1.39354
-1.49375, 1.39463
-1.4923, 1.39573
-1.49082, 1.39684
-1.48934, 1.39796
-1.48784, 1.39909
-1.48633, 1.40023
-1.48481, 1.40138
-1.48328, 1.40254
-1.48174, 1.40371
-1.48019, 1.40488
-1.47863, 1.40607
-1.47706, 1.40726
-1.47549, 1.40846
-1.4739, 1.40966
-1.47231, 1.41087
-1.47072, 1.41209
-1.46911, 1.41331
-1.4675, 1.41453
-1.46589, 1.41576
-1.46427, 1.417
-1.46265, 1.41823
-1.46102, 1.41948
-1.45939, 1.42072
-1.45775, 1.42197
-1.45612, 1.42321
-1.45448, 1.42446
-1.45284, 1.42571
-1.4512, 1.42697
-1.44956, 1.42822
-1.44792, 1.42947
-1.44628, 1.43072
-1.44464, 1.43197
-1.443, 1.43322
-1.44136, 1.43447
-1.43973, 1.43572
-1.4381, 1.43696
-1.43647, 1.4382
-1.43485, 1.43944
-1.43323, 1.44067
-1.43161, 1.4419
-1.43, 1.44313
-1.4284, 1.44435
-1.4268, 1.44557
-1.42521, 1.44678
-1.42363, 1.44798
-1.42205, 1.44918
-1.42048, 1.45037
-1.41892, 1.45155
-1.41737, 1.45273
-1.41583, 1.4539
-1.4143, 1.45505
-1.41278, 1.45621
-1.41128, 1.45735
-1.40978, 1.45848
-1.40829, 1.4596
-1.40682, 1.46071
-1.40536, 1.46181
-1.40391, 1.4629
-1.40248, 1.46398
-1.40106, 1.46504
-1.39966, 1.46609
-1.39827, 1.46713
-1.3969, 1.46816
-1.39554, 1.46917
-1.39421, 1.47017
-1.39288, 1.47116
-1.39158, 1.47213
-1.39029, 1.47308
-1.38903, 1.47402
-1.38778, 1.47494
-1.38655, 1.47585
-1.38534, 1.47674
-1.38415, 1.47761
-1.38299, 1.47846
-1.38184, 1.4793
-1.38072, 1.48011
-1.37962, 1.48091
-1.37854, 1.48169
-1.37749, 1.48245
-1.37596, 1.48287
-1.37442, 1.48331
-1.37287, 1.48378
-1.3713, 1.48427
-1.36971, 1.48478
-1.36812, 1.48531
-1.36651, 1.48586
-1.36489, 1.48643
-1.36326, 1.48702
-1.36161, 1.48763
-1.35995, 1.48826
-1.35828, 1.48891
-1.3566, 1.48957
-1.35491, 1.49026
-1.35321, 1.49096
-1.3515, 1.49168
-1.34978, 1.49241
-1.34805, 1.49316
-1.34631, 1.49392
-1.34456, 1.4947
-1.3428, 1.49549
-1.34103, 1.4963
-1.33925, 1.49712
-1.33747, 1.49795
-1.33568, 1.4988
-1.33388, 1.49965
-1.33207, 1.50052
-1.33026, 1.5014
-1.32844, 1.50229
-1.32662, 1.50319
-1.32479, 1.5041
-1.32295, 1.50501
-1.32111, 1.50594
-1.31926, 1.50688
-1.31741, 1.50782
-1.31556, 1.50877
-1.3137, 1.50972
-1.31183, 1.51068
-1.30996, 1.51165
-1.30809, 1.51262
-1.30622, 1.5136
-1.30434, 1.51458
-1.30247, 1.51557
-1.30058, 1.51655
-1.2987, 1.51755
-1.29682, 1.51854
-1.29493, 1.51954
-1.29305, 1.52053
-1.29116, 1.52153
-1.28927, 1.52253
-1.28739, 1.52353
-1.2855, 1.52453
-1.28361, 1.52552
-1.28173, 1.52652
-1.27985, 1.52751
-1.27796, 1.5285
-1.27608, 1.52949
-1.2742, 1.53048
-1.27233, 1.53146
-1.27045, 1.53244
-1.26858, 1.53341
-1.26672, 1.53437
-1.26485, 1.53534
-1.26299, 1.53629
-1.26114, 1.53724
-1.25929, 1.53818
-1.25744, 1.53912
-1.2556, 1.54004
-1.25376, 1.54096
-1.25193, 1.54187
-1.2501, 1.54277
-1.24829, 1.54366
-1.24647, 1.54454
-1.24467, 1.5454
-1.24287, 1.54626
-1.24108, 1.54711
-1.23929, 1.54794
-1.23752, 1.54876
-1.23575, 1.54956
-1.23399, 1.55036
-1.23224, 1.55114
-1.2305, 1.5519
-1.22877, 1.55265
-1.22705, 1.55338
-1.22534, 1.5541
-1.22364, 1.5548
-1.22194, 1.55548
-1.22026, 1.55615
-1.2186, 1.5568
-1.21694, 1.55743
-1.21529, 1.55804
-1.21366, 1.55863
-1.21204, 1.5592
-1.21043, 1.55975
-1.20883, 1.56028
-1.20725, 1.56079
-1.20568, 1.56128
-1.20413, 1.56174
-1.20259, 1.56219
-1.20106, 1.56261
-1.19912, 1.56277
-1.19717, 1.56295
-1.19522, 1.56315
-1.19326, 1.56336
-1.19129, 1.5636
-1.18932, 1.56385
-1.18734, 1.56412
-1.18536, 1.5644
-1.18337, 1.5647
-1.18138, 1.56502
-1.17938, 1.56535
-1.17737, 1.5657
-1.17536, 1.56607
-1.17335, 1.56644
-1.17133, 1.56683
-1.16931, 1.56724
-1.16728, 1.56766
-1.16525, 1.56809
-1.16321, 1.56853
-1.16118, 1.56898
-1.15913, 1.56945
-1.15708, 1.56993
-1.15503, 1.57042
-1.15298, 1.57091
-1.15092, 1.57142
-1.14886, 1.57194
-1.1468, 1.57247
-1.14473, 1.57301
-1.14266, 1.57355
-1.14059, 1.57411
-1.13851, 1.57467
-1.13644, 1.57523
-1.13436, 1.57581
-1.13227, 1.57639
-1.13019, 1.57698
-1.1281, 1.57757
-1.12602, 1.57817
-1.12393, 1.57878
-1.12184, 1.57939
-1.11974, 1.58
-1.11765, 1.58062
-1.11556, 1.58124
-1.11346, 1.58186
-1.11136, 1.58249
-1.10927, 1.58312
-1.10717, 1.58375
-1.10507, 1.58438
-1.10297, 1.58501
-1.10087, 1.58565
-1.09877, 1.58628
-1.09667, 1.58692
-1.09457, 1.58755
-1.09247, 1.58818
-1.09037, 1.58882
-1.08828, 1.58945
-1.08618, 1.59007
-1.08408, 1.5907
-1.08199, 1.59132
-1.07989, 1.59195
-1.0778, 1.59256
-1.0757, 1.59318
-1.07361, 1.59378
-1.07152, 1.59439
-1.06944, 1.59499
-1.06735, 1.59558
-1.06527, 1.59617
-1.06319, 1.59675
-1.06111, 1.59733
-1.05903, 1.5979
-1.05695, 1.59846
-1.05488, 1.59901
-1.05281, 1.59956
-1.05074, 1.60009
-1.04868, 1.60062
-1.04662, 1.60114
-1.04456, 1.60165
-1.04251, 1.60215
-1.04046, 1.60263
-1.03841, 1.60311
-1.03637, 1.60358
-1.03433, 1.60403
-1.03229, 1.60448
-1.03026, 1.60491
-1.02823, 1.60532
-1.02621, 1.60573
-1.02419, 1.60612
-1.02218, 1.6065
-1.02017, 1.60686
-1.01816, 1.60721
-1.01617, 1.60754
-1.01417, 1.60786
-1.01218, 1.60816
-1.0102, 1.60845
-1.00822, 1.60871
-1.00625, 1.60897
-1.00428, 1.6092
-1.00232, 1.60942
-1.00037, 1.60962
-0.998423, 1.6098
-0.996481, 1.60996
-0.994222, 1.60997
-0.991961, 1.60999
-0.989699, 1.61001
-0.987436, 1.61004
-0.985172, 1.61008
-0.982907, 1.61011
-0.98064, 1.61016
-0.978373, 1.6102
-0.976105, 1.61025
-0.973835, 1.61031
-0.971565, 1.61036
-0.969293, 1.61043
-0.967021, 1.61049
-0.964748, 1.61056
-0.962474, 1.61063
-0.960199, 1.61071
-0.957923, 1.61079
-0.955646, 1.61087
-0.953369, 1.61095
-0.951091, 1.61104
-0.948812, 1.61113
-0.946532, 1.61123
-0.944252, 1.61132
-0.941971, 1.61142
-0.939689, 1.61152
-0.937407, 1.61163
-0.935124, 1.61174
-0.932841, 1.61184
-0.930557, 1.61195
-0.928273, 1.61207
-0.925988, 1.61218
-0.923702, 1.6123
-0.921416, 1.61242
-0.91913, 1.61254
-0.916843, 1.61266
-0.914556, 1.61278
-0.912269, 1.61291
-0.909981, 1.61303
-0.907693, 1.61316
-0.905405, 1.61329
-0.903117, 1.61342
-0.900828, 1.61354
-0.898539, 1.61368
-0.89625, 1.61381
-0.893961, 1.61394
-0.891671, 1.61407
-0.889382, 1.6142
-0.887092, 1.61434
-0.884803, 1.61447
-0.882513, 1.6146
-0.880224, 1.61474
-0.877934, 1.61487
-0.875645, 1.615
-0.873355, 1.61513
-0.871066, 1.61527
-0.868776, 1.6154
-0.866487, 1.61553
-0.864198, 1.61566
-0.86191, 1.61579
-0.859621, 1.61592
-0.857333, 1.61605
-0.855045, 1.61617
-0.852757, 1.6163
-0.85047, 1.61642
-0.848183, 1.61654
-0.845896, 1.61667
-0.84361, 1.61679
-0.841324, 1.6169
-0.839039, 1.61702
-0.836754, 1.61714
-0.834469, 1.61725
-0.832186, 1.61736
-0.829902, 1.61747
-0.827619, 1.61758
-0.825337, 1.61768
-0.823056, 1.61778
-0.820775, 1.61788
-0.818494, 1.61798
-0.816215, 1.61807
-0.813936, 1.61816
-0.811658, 1.61825
-0.80938, 1.61834
-0.807104, 1.61842
-0.804828, 1.6185
-0.802553, 1.61857
-0.800279, 1.61864
-0.798005, 1.61871
-0.795733, 1.61878
-0.793462, 1.61884
-0.791191, 1.6189
-0.788922, 1.61895
-0.786653, 1.619
-0.784386, 1.61905
-0.78212, 1.61909
-0.779854, 1.61913
-0.77759, 1.61916
-0.775327, 1.61919
-0.773065, 1.61921
-0.770805, 1.61923
-0.768545, 1.61925
-0.766089, 1.61925
-0.763632, 1.61924
-0.761175, 1.6192
-0.758718, 1.61914
-0.756261, 1.61906
-0.753804, 1.61896
-0.751346, 1.61884
-0.748888, 1.6187
-0.746431, 1.61854
-0.743973, 1.61836
-0.741514, 1.61816
-0.739056, 1.61795
-0.736598, 1.61771
-0.734139, 1.61746
-0.73168, 1.6172
-0.729222, 1.61692
-0.726763, 1.61662
-0.724303, 1.6163
-0.721844, 1.61598
-0.719385, 1.61563
-0.716926, 1.61528
-0.714466, 1.61491
-0.712006, 1.61453
-0.709547, 1.61413
-0.707087, 1.61373
-0.704627, 1.61331
-0.702167, 1.61288
-0.699707, 1.61244
-0.697247, 1.61199
-0.694786, 1.61153
-0.692326, 1.61107
-0.689866, 1.61059
-0.687405, 1.6101
-0.684945, 1.60961
-0.682484, 1.60911
-0.680023, 1.6086
-0.677563, 1.60809
-0.675102, 1.60757
-0.672641, 1.60704
-0.67018, 1.60651
-0.667719, 1.60598
-0.665258, 1.60544
-0.662797, 1.6049
-0.660336, 1.60435
-0.657875, 1.6038
-0.655414, 1.60325
-0.652953, 1.6027
-0.650492, 1.60215
-0.648031, 1.60159
-0.64557, 1.60104
-0.643109, 1.60048
-0.640648, 1.59993
-0.638187, 1.59937
-0.635726, 1.59882
-0.633265, 1.59827
-0.630804, 1.59772
-0.628343, 1.59717
-0.625882, 1.59663
-0.623421, 1.59609
-0.620961, 1.59556
-0.6185, 1.59503
-0.616039, 1.5945
-0.613578, 1.59398
-0.611117, 1.59347
-0.608657, 1.59296
-0.606196, 1.59246
-0.603736, 1.59197
-0.601275, 1.59148
-0.598815, 1.59101
-0.596354, 1.59054
-0.593894, 1.59008
-0.591434, 1.58963
-0.588974, 1.58919
-0.586514, 1.58876
-0.584054, 1.58835
-0.581594, 1.58794
-0.579134, 1.58755
-0.576675, 1.58716
-0.574215, 1.58679
-0.571756, 1.58644
-0.569296, 1.5861
-0.566837, 1.58577
-0.564378, 1.58546
-0.561919, 1.58516
-0.55946, 1.58488
-0.557002, 1.58461
-0.554543, 1.58436
-0.552085, 1.58413
-0.549626, 1.58391
-0.547168, 1.58371
-0.54471, 1.58354
-0.542252, 1.58337
-0.539795, 1.58323
-0.537337, 1.58311
-0.53488, 1.58301
-0.532422, 1.58293
-0.529965, 1.58287
-0.527509, 1.58283
-0.525052, 1.58282
-0.522595, 1.58283
-0.520088, 1.58303
-0.517577, 1.58316
-0.515061, 1.58322
-0.51254, 1.58321
-0.510015, 1.58313
-0.507486, 1.58299
-0.504954, 1.58278
-0.502417, 1.58251
-0.499876, 1.58218
-0.497331, 1.58178
-0.494783, 1.58133
-0.492231, 1.58082
-0.489675, 1.58026
-0.487117, 1.57963
-0.484554, 1.57896
-0.481989, 1.57824
-0.47942, 1.57746
-0.476849, 1.57664
-0.474274, 1.57576
-0.471696, 1.57485
-0.469116, 1.57389
-0.466533, 1.57288
-0.463948, 1.57184
-0.46136, 1.57075
-0.458769, 1.56963
-0.456176, 1.56847
-0.453581, 1.56727
-0.450984, 1.56604
-0.448385, 1.56478
-0.445784, 1.56349
-0.443181, 1.56216
-0.440576, 1.56081
-0.43797, 1.55944
-0.435362, 1.55803
-0.432752, 1.55661
-0.430142, 1.55516
-0.427529, 1.55369
-0.424916, 1.5522
-0.422302, 1.5507
-0.419686, 1.54918
-0.41707, 1.54764
-0.414453, 1.54609
-0.411835, 1.54453
-0.409216, 1.54296
-0.406597, 1.54138
-0.403977, 1.53979
-0.401357, 1.5382
-0.398737, 1.5366
-0.396116, 1.535
-0.393496, 1.5334
-0.390875, 1.53179
-0.388255, 1.53019
-0.385635, 1.52859
-0.383015, 1.527
-0.380395, 1.52541
-0.377776, 1.52383
-0.375157, 1.52226
-0.372539, 1.5207
-0.369922, 1.51915
-0.367306, 1.51761
-0.36469, 1.51609
-0.362076, 1.51459
-0.359462, 1.5131
-0.35685, 1.51163
-0.354239, 1.51018
-0.35163, 1.50876
-0.349022, 1.50735
-0.346416, 1.50598
-0.343811, 1.50463
-0.341208, 1.5033
-0.338607, 1.50201
-0.336008, 1.50075
-0.33341, 1.49952
-0.330815, 1.49832
-0.328223, 1.49716
-0.325632, 1.49604
-0.323044, 1.49495
-0.320459, 1.49391
-0.317876, 1.4929
-0.315295, 1.49194
-0.312718, 1.49103
-0.310143, 1.49015
-0.307572, 1.48933
-0.305003, 1.48855
-0.302437, 1.48783
-0.299875, 1.48716
-0.297316, 1.48653
-0.294761, 1.48597
-0.292209, 1.48546
-0.289661, 1.48501
-0.287116, 1.48461
-0.284575, 1.48428
-0.282038, 1.48401
-0.279505, 1.4838
-0.276976, 1.48366
-0.274452, 1.48358
-0.271931, 1.48357
-0.269415, 1.48363
-0.266903, 1.48376
-0.264396, 1.48396
-0.262065, 1.4854
-0.259716, 1.48654
-0.257347, 1.48741
-0.25496, 1.48799
-0.252556, 1.48832
-0.250134, 1.48837
-0.247695, 1.48818
-0.24524, 1.48773
-0.242768, 1.48703
-0.24028, 1.48609
-0.237777, 1.48493
-0.235258, 1.48353
-0.232725, 1.48191
-0.230178, 1.48008
-0.227617, 1.47803
-0.225042, 1.47578
-0.222454, 1.47333
-0.219853, 1.47069
-0.21724, 1.46786
-0.214615, 1.46485
-0.211978, 1.46167
-0.20933, 1.45832
-0.206671, 1.4548
-0.204002, 1.45112
-0.201322, 1.44729
-0.198633, 1.44332
-0.195935, 1.43921
-0.193228, 1.43496
-0.190512, 1.43058
-0.187788, 1.42608
-0.185056, 1.42147
-0.182317, 1.41674
-0.179571, 1.41191
-0.176819, 1.40698
-0.17406, 1.40195
-0.171295, 1.39684
-0.168525, 1.39165
-0.16575, 1.38638
-0.162971, 1.38103
-0.160187, 1.37563
-0.157399, 1.37017
-0.154608, 1.36465
-0.151813, 1.35909
-0.149016, 1.35348
-0.146217, 1.34785
-0.143415, 1.34218
-0.140612, 1.33649
-0.137808, 1.33078
-0.135003, 1.32506
-0.132198, 1.31933
-0.129393, 1.31361
-0.126588, 1.30789
-0.123784, 1.30218
-0.120981, 1.29649
-0.11818, 1.29082
-0.11538, 1.28518
-0.112583, 1.27958
-0.109789, 1.27401
-0.106997, 1.2685
-0.10421, 1.26304
-0.101426, 1.25763
-0.0986461, 1.25229
-0.095871, 1.24702
-0.093101, 1.24182
-0.0903364, 1.23671
-0.0875777, 1.23169
-0.0848251, 1.22676
-0.0820791, 1.22192
-0.0793401, 1.2172
-0.0766084, 1.21258
-0.0738845, 1.20808
-0.0711687, 1.2037
-0.0684614, 1.19946
-0.0657631, 1.19534
-0.063074, 1.19137
-0.0603946, 1.18754
-0.0577253, 1.18387
-0.0550664, 1.18035
-0.0524184, 1.177
-0.0497816, 1.17381
-0.0471564, 1.1708
-0.0445432, 1.16797
-0.0419424, 1.16533
-0.0393544, 1.16288
-0.0367796, 1.16063
-0.0342183, 1.15859
-0.0316709, 1.15675
-0.0291379, 1.15514
-0.0266196, 1.15374
-0.0241164, 1.15257
-0.0216286, 1.15164
-0.0191568, 1.15094
-0.0167012, 1.15049
-0.0142623, 1.15029
-0.0118404, 1.15035
-0.0094359, 1.15067
-0.00704924, 1.15126
-0.00468078, 1.15212
-0.0023309, 1.15327
